Algorithm,F1_Macro_Global,F1_Dry,F1_Macro_Wet,Precision_Macro,Recall_Macro,Accuracy,PR_AUC_Macro,Hyperparameters,Features_List,Heavy_F1,Heavy_Precision,Heavy_Recall,Heavy_PR_AUC,Light_F1,Light_Precision,Light_Recall,Light_PR_AUC,Moderate_F1,Moderate_Precision,Moderate_Recall,Moderate_PR_AUC,No Rain_F1,No Rain_Precision,No Rain_Recall,No Rain_PR_AUC,Violent_F1,Violent_Precision,Violent_Recall,Violent_PR_AUC
RF,0.748972305260011,0.969315499606609,0.6938865066733615,0.7260168896535514,0.7975584439952581,0.8090145148968678,0.8133196228026648,"{'n_estimators': [100], 'max_depth': [10]}","['mfcc_mean', 'wav_detail_lvl5_std', 'wav_approx_std', 'spec_skew', 'spec_kurtosis', 'mfcc_var']",0.7471526195899773,0.7130434782608696,0.784688995215311,0.8198429297514598,0.6549604916593503,0.5694656488549619,0.7706611570247934,0.6106654303974108,0.6053169734151329,0.709832134292566,0.5276292335115864,0.6797239586274262,0.969315499606609,0.9991889699918897,0.9411764705882353,0.9959994879529647,0.7681159420289855,0.6385542168674698,0.9636363636363636,0.9603663072840629
RF,0.7466401385221481,0.9687010954616588,0.6911248992872704,0.7259679698949568,0.803861147764891,0.8124522536287242,0.8312124219518063,"{'n_estimators': [100], 'max_depth': [10]}","['wav_detail_lvl5_std', 'NDSI', 'spec_kurtosis', 'mfcc_var', 'wav_detail_lvl3_std']",0.7953488372093023,0.7737556561085973,0.8181818181818182,0.8503975458915688,0.6538796861377506,0.5656108597285068,0.7747933884297521,0.6587938310250412,0.608604407135362,0.7397959183673469,0.5169340463458111,0.6938271777123641,0.9687010954616588,0.9927826784282278,0.9457601222307105,0.9975236596122276,0.7066666666666667,0.5578947368421052,0.9636363636363636,0.9555198955178299
RF,0.7464301783346506,0.969363707776905,0.6906967959740871,0.7224293896598637,0.7931902069222643,0.8101604278074866,0.8153143526112938,"{'n_estimators': [100], 'max_depth': [10]}","['mfcc_mean', 'wav_detail_lvl5_std', 'wav_approx_std', 'spec_skew', 'spec_kurtosis', 'mfcc_var', 'wav_detail_lvl4_std']",0.7306791569086651,0.7155963302752294,0.7464114832535885,0.7997005217372953,0.6624775583482945,0.5857142857142857,0.762396694214876,0.636934598225822,0.6124876114965312,0.6897321428571429,0.5508021390374331,0.6809568748200283,0.969363707776905,0.9975747776879548,0.9427043544690603,0.9965318513138848,0.7571428571428571,0.6235294117647059,0.9636363636363636,0.9624479169594383
RF,0.746161186084324,0.970125786163522,0.6901700360645244,0.7218778748517497,0.7956635755650673,0.8055767761650114,0.813387541809953,"{'n_estimators': [100], 'max_depth': [10]}","['mfcc_mean', 'wav_detail_lvl5_std', 'wav_approx_std', 'spec_kurtosis', 'mfcc_var']",0.755056179775281,0.711864406779661,0.8038277511961722,0.8223485259129755,0.6389380530973451,0.5588235294117647,0.7458677685950413,0.6080897800877771,0.5985699693564862,0.7009569377990431,0.5222816399286988,0.6795137213853344,0.970125786163522,0.9991902834008097,0.9427043544690603,0.9967017748918365,0.7681159420289855,0.6385542168674698,0.9636363636363636,0.9602839067718408
RF,0.7459044053529216,0.9697208022021234,0.6899503061406211,0.7244036419670057,0.7912637573515704,0.8113063407181055,0.80782145261295,"{'n_estimators': [100], 'max_depth': [10]}","['mfcc_mean', 'wav_detail_lvl5_std', 'wav_approx_std', 'spec_skew', 'NDSI', 'spec_kurtosis']",0.7077625570776256,0.6768558951965066,0.7416267942583732,0.7624829091004456,0.6695957820738138,0.5825688073394495,0.7871900826446281,0.651895308975384,0.617737003058104,0.7214285714285714,0.5401069518716578,0.6773796121374047,0.9697208022021234,0.9991896272285251,0.9419404125286478,0.995481861870916,0.7647058823529411,0.6419753086419753,0.9454545454545454,0.9518675709805993
RF,0.7449521112299051,0.967843137254902,0.6892293547236559,0.7245422500579741,0.7894250575393272,0.8086325439266616,0.8094806621779209,"{'n_estimators': [100], 'max_depth': [10]}","['mfcc_mean', 'wav_detail_lvl5_std', 'NDSI', 'spec_kurtosis']",0.728538283062645,0.7072072072072072,0.7511961722488039,0.7730739983803732,0.6590509666080844,0.573394495412844,0.7747933884297521,0.6440751382153719,0.610204081632653,0.7136038186157518,0.5329768270944741,0.6781186459832552,0.967843137254902,0.9943593875906527,0.9427043544690603,0.9962154752071025,0.7591240875912408,0.6341463414634146,0.9454545454545454,0.955920053103502
RF,0.7442295187292026,0.9649468294604174,0.6890501910463989,0.7224569940592044,0.8049508311371525,0.8071046600458365,0.8083100167389828,"{'n_estimators': [100], 'max_depth': [10]}","['mfcc_mean', 'mfcc_var', 'wav_detail_lvl3_std']",0.7972972972972973,0.7531914893617021,0.84688995215311,0.7859708277394878,0.6402753872633391,0.5486725663716814,0.768595041322314,0.5962457200688559,0.6072186836518046,0.7506561679790026,0.5098039215686274,0.7222279744689755,0.9649468294604174,0.9959349593495935,0.9358288770053476,0.9951307716883129,0.7114093959731543,0.5638297872340425,0.9636363636363636,0.9419747897292822
RF,0.7429011926679676,0.9697208022021234,0.6861962902844286,0.7198757844779688,0.7916092613643979,0.8040488922841864,0.8059075081768935,"{'n_estimators': [100], 'max_depth': [10]}","['mfcc_mean', 'wav_detail_lvl5_std', 'wav_approx_std', 'mfcc_1', 'spec_kurtosis']",0.7459954233409611,0.7149122807017544,0.7799043062200957,0.8090568048837146,0.6402814423922604,0.557427258805513,0.7520661157024794,0.5994662757916109,0.5959183673469388,0.6968973747016707,0.5204991087344029,0.6737722684154003,0.9697208022021234,0.9991896272285251,0.9419404125286478,0.9961641057680731,0.762589928057554,0.6309523809523809,0.9636363636363636,0.9510780860256685
RF,0.7423824820564344,0.9721459395841506,0.6849416176745053,0.7224556349581864,0.7999849039224216,0.8155080213903744,0.8239725158602219,"{'n_estimators': [100], 'max_depth': [10]}","['mfcc_mean', 'wav_detail_lvl5_std', 'NDSI', 'spec_kurtosis', 'mfcc_var', 'wav_detail_lvl3_std']",0.75177304964539,0.7429906542056075,0.7607655502392344,0.81998554884426,0.671875,0.5793413173652695,0.7995867768595041,0.6416123850382907,0.61875,0.7443609022556391,0.5294117647058824,0.7134801339138657,0.9721459395841506,0.9991935483870967,0.946524064171123,0.9975363879799383,0.6973684210526315,0.5463917525773195,0.9636363636363636,0.9472481235247546
RF,0.7421935244706616,0.9713388299960738,0.6849071980893084,0.7188837716149503,0.8027018689163355,0.8166539343009931,0.8201225441939377,"{'n_estimators': [100], 'max_depth': [10]}","['wav_detail_lvl5_std', 'wav_approx_std', 'mfcc_1', 'NDSI', 'spec_kurtosis', 'wav_detail_lvl3_std']",0.7643020594965675,0.7324561403508771,0.7990430622009569,0.8315751579752707,0.6725352112676056,0.5858895705521472,0.7892561983471075,0.6325952261651417,0.6230529595015576,0.746268656716418,0.5347593582887701,0.6945123554746282,0.9713388299960738,0.9991922455573505,0.944996180290298,0.997291098919193,0.6797385620915033,0.5306122448979592,0.9454545454545454,0.9446388824354545
RF,0.7405800056033567,0.9717425431711146,0.6827893712114171,0.7196547856640872,0.8005412900262323,0.8132161955691367,0.8225045575756212,"{'n_estimators': [100], 'max_depth': [10]}","['mfcc_mean', 'wav_detail_lvl5_std', 'mfcc_1', 'NDSI', 'spec_kurtosis', 'mfcc_var', 'wav_detail_lvl3_std']",0.7663551401869159,0.7488584474885844,0.784688995215311,0.8268533037546558,0.6585365853658537,0.5692771084337349,0.78099173553719,0.6355128174630427,0.6179540709812108,0.7455919395465995,0.5276292335115864,0.7095671789242494,0.9717425431711146,0.9991928974979822,0.9457601222307105,0.9978480334866002,0.6883116883116883,0.5353535353535354,0.9636363636363636,0.9427414542495576
RF,0.7390612485915884,0.9697208022021234,0.6813963601889546,0.715440182954465,0.7916310099507398,0.8055767761650114,0.8108024110000361,"{'n_estimators': [100], 'max_depth': [10]}","['mfcc_mean', 'wav_detail_lvl5_std', 'wav_approx_std', 'spec_skew', 'mfcc_1', 'spec_kurtosis']",0.7339449541284404,0.7048458149779736,0.7655502392344498,0.8009119074383094,0.6520210896309314,0.5672782874617737,0.7665289256198347,0.6212119284831707,0.5983606557377049,0.7036144578313253,0.5204991087344029,0.6811881741344099,0.9697208022021234,0.9991896272285251,0.9419404125286478,0.9966305666930863,0.7412587412587412,0.6022727272727273,0.9636363636363636,0.9540694782512043
RF,0.7389452565749364,0.970125786163522,0.68115012417779,0.7172313127254115,0.7835691440560565,0.8071046600458365,0.8041571621639585,"{'n_estimators': [100], 'max_depth': [10]}","['mfcc_mean', 'wav_detail_lvl5_std', 'wav_approx_std', 'NDSI', 'spec_kurtosis']",0.6993006993006993,0.6818181818181818,0.7177033492822966,0.7634984600315721,0.6572187776793623,0.5751937984496124,0.7665289256198347,0.615848906137388,0.6144578313253012,0.7034482758620689,0.5454545454545454,0.6855509580379262,0.970125786163522,0.9991902834008097,0.9427043544690603,0.9961450941312672,0.7536231884057971,0.6265060240963856,0.9454545454545454,0.959742392481639
RF,0.7383076853961857,0.9741379310344828,0.6793501239866115,0.7150934571335478,0.7987992830886161,0.8174178762414056,0.811458910389003,"{'n_estimators': [100], 'max_depth': [10]}","['mfcc_mean', 'wav_approx_std', 'NDSI', 'mfcc_var', 'wav_detail_lvl3_std', 'wav_detail_lvl4_std']",0.7539503386004515,0.7136752136752137,0.7990430622009569,0.7927575833110955,0.672566371681416,0.5882352941176471,0.7851239669421488,0.6160710491086201,0.6242171189979123,0.7531486146095718,0.5329768270944741,0.7181632035492179,0.9741379310344828,1.0,0.9495798319327731,0.9979006665137863,0.6666666666666666,0.5204081632653061,0.9272727272727272,0.9324020494622949
RF,0.7377019722274236,0.970125786163522,0.679596018743399,0.7118885321474939,0.7904468999431004,0.8051948051948052,0.8078560507362218,"{'n_estimators': [100], 'max_depth': [10]}","['mfcc_mean', 'wav_detail_lvl5_std', 'wav_approx_std', 'mfcc_1', 'spec_kurtosis', 'wav_detail_lvl4_std']",0.7390300230946882,0.7142857142857143,0.7655502392344498,0.792559894922209,0.6463195691202872,0.5714285714285714,0.743801652892562,0.6123790379734856,0.602,0.6856492027334852,0.5365418894830659,0.6761410007669904,0.970125786163522,0.9991902834008097,0.9427043544690603,0.9969227012883082,0.7310344827586207,0.5888888888888889,0.9636363636363636,0.961277618730116
RF,0.7373693249665959,0.9697920753236563,0.6792636373773309,0.713925879242862,0.780837082984564,0.8090145148968678,0.8030799442883036,"{'n_estimators': [100], 'max_depth': [10]}","['mfcc_mean', 'wav_detail_lvl5_std', 'NDSI', 'spec_kurtosis', 'wav_detail_lvl4_std']",0.6995305164319249,0.6866359447004609,0.7129186602870813,0.7662965392110521,0.6672727272727272,0.5957792207792207,0.7582644628099173,0.6432547110156096,0.6164383561643836,0.6832971800433839,0.5614973262032086,0.6677473732054956,0.9697920753236563,0.9967741935483871,0.9442322383498855,0.9969729835385026,0.7338129496402878,0.6071428571428571,0.9272727272727272,0.9411281144708588
RF,0.7371378930836862,0.969315499606609,0.6790934914529555,0.7185529502693655,0.7877761004358246,0.8093964858670741,0.8192480033595645,"{'n_estimators': [100], 'max_depth': [10]}","['mfcc_mean', 'wav_detail_lvl5_std', 'wav_approx_std', 'spec_skew', 'NDSI', 'spec_kurtosis', 'mfcc_var']",0.7388235294117647,0.7268518518518519,0.7511961722488039,0.8088471149485531,0.6620689655172414,0.5680473372781065,0.7933884297520661,0.6495697544555498,0.6120331950207469,0.7320099255583127,0.5258467023172906,0.6895749376848357,0.969315499606609,0.9991889699918897,0.9411764705882353,0.9972456877422348,0.7034482758620689,0.5666666666666667,0.9272727272727272,0.9510025219666491
RF,0.7370488005659911,0.9725490196078431,0.678173745805528,0.7146707263060056,0.7995334227644951,0.8132161955691367,0.8242358423767128,"{'n_estimators': [100], 'max_depth': [10]}","['mfcc_mean', 'wav_detail_lvl5_std', 'NDSI', 'spec_kurtosis', 'mfcc_var', 'wav_detail_lvl3_std', 'wav_detail_lvl4_std']",0.7599067599067599,0.740909090909091,0.7799043062200957,0.8283147628759866,0.664323374340949,0.5779816513761468,0.78099173553719,0.6478853554594732,0.6133056133056133,0.7356608478802993,0.5258467023172906,0.7059127851830014,0.9725490196078431,0.9991941982272361,0.9472880061115355,0.9976988213512639,0.6751592356687898,0.5196078431372549,0.9636363636363636,0.9413674870138388
RF,0.7369218146002123,0.9705304518664047,0.6785196552836642,0.7108262666837545,0.7884777086128057,0.8029029793735676,0.8065879104787822,"{'n_estimators': [100], 'max_depth': [10]}","['mfcc_mean', 'wav_detail_lvl5_std', 'wav_approx_std', 'spec_kurtosis', 'mfcc_var', 'wav_detail_lvl4_std']",0.7385321100917431,0.7092511013215859,0.7703349282296651,0.7867881799172187,0.6402877697841727,0.5668789808917197,0.7355371900826446,0.607293674490522,0.594,0.6765375854214123,0.5294117647058824,0.6788245907993661,0.9705304518664047,0.9991909385113269,0.9434682964094728,0.9968392035206193,0.7412587412587412,0.6022727272727273,0.9636363636363636,0.9631939036661848
RF,0.7368350765429227,0.9682974559686889,0.6789694816864811,0.7186101327882644,0.7981756895885802,0.8109243697478992,0.8272810658385128,"{'n_estimators': [100], 'max_depth': [10]}","['wav_detail_lvl5_std', 'spec_skew', 'mfcc_1', 'NDSI', 'spec_kurtosis', 'mfcc_var', 'wav_detail_lvl3_std']",0.7634660421545667,0.7477064220183486,0.7799043062200957,0.8508518979904152,0.6580310880829016,0.5652818991097923,0.7871900826446281,0.6382406365020601,0.6148936170212767,0.762532981530343,0.5151515151515151,0.6931163021708229,0.9682974559686889,0.992776886035313,0.944996180290298,0.9976304316883036,0.6794871794871795,0.5247524752475248,0.9636363636363636,0.9565660608409624
RF,0.7364824331740009,0.9685534591194969,0.6784646766876268,0.7145792501300525,0.7878286381973407,0.807868601986249,0.8097999205006617,"{'n_estimators': [100], 'max_depth': [10]}","['mfcc_mean', 'wav_detail_lvl5_std', 'spec_skew', 'NDSI', 'spec_kurtosis']",0.7129629629629629,0.6905829596412556,0.7368421052631579,0.7762544393754754,0.6707423580786026,0.5809379727685325,0.7933884297520661,0.6551257190989589,0.602880658436214,0.7128953771289538,0.5222816399286988,0.6675189949178489,0.9685534591194969,0.9975708502024292,0.9411764705882353,0.9956314068631849,0.7272727272727273,0.5909090909090909,0.9454545454545454,0.9544690422478406
RF,0.7364130170918093,0.9691044192412984,0.6782401665544371,0.7160047594591499,0.7939220803588943,0.8101604278074866,0.8284274402790143,"{'n_estimators': [100], 'max_depth': [10]}","['wav_detail_lvl5_std', 'spec_skew', 'NDSI', 'spec_kurtosis', 'mfcc_var', 'wav_detail_lvl3_std']",0.7735849056603774,0.7627906976744186,0.784688995215311,0.8501014719037023,0.655536028119508,0.5703363914373089,0.7706611570247934,0.6548166489804353,0.608515057113188,0.7288557213930348,0.5222816399286988,0.6891497853514482,0.9691044192412984,0.9927884615384616,0.946524064171123,0.997498514954842,0.6753246753246753,0.5252525252525253,0.9454545454545454,0.9505707802046427
RF,0.7359004984508022,0.9701726844583988,0.677332451948903,0.715115495525682,0.7893800129882315,0.8090145148968678,0.8163982202087116,"{'n_estimators': [100], 'max_depth': [10]}","['wav_detail_lvl5_std', 'wav_approx_std', 'spec_skew', 'NDSI', 'spec_kurtosis', 'mfcc_var']",0.7465437788018433,0.72,0.7751196172248804,0.8171527079501429,0.6614447345517842,0.5714285714285714,0.7851239669421488,0.64338692223717,0.602711157455683,0.7261306532663316,0.5151515151515151,0.6739988845181357,0.9701726844583988,0.9975786924939467,0.9442322383498855,0.9972008610908418,0.6986301369863014,0.5604395604395604,0.9272727272727272,0.9502517252472674
RF,0.7354613284725638,0.974960876369327,0.675586441498373,0.7116463939336232,0.8013303311755324,0.8128342245989305,0.8222597547132928,"{'n_estimators': [100], 'max_depth': [10]}","['wav_detail_lvl5_std', 'spec_skew', 'mfcc_1', 'NDSI', 'mfcc_var', 'wav_detail_lvl3_std', 'wav_detail_lvl4_std']",0.7629796839729119,0.7222222222222222,0.8086124401913876,0.8056452951612387,0.6601941747572816,0.576271186440678,0.7727272727272727,0.6673500773364458,0.604012671594509,0.7409326424870466,0.5098039215686274,0.6994816568046281,0.974960876369327,0.9991980753809142,0.9518716577540107,0.9980245698698185,0.6751592356687898,0.5196078431372549,0.9636363636363636,0.9407971743943326
RF,0.7352816611392001,0.9713388299960738,0.6762673689249816,0.7160967622685914,0.7934698072356389,0.8093964858670741,0.8227177526535078,"{'n_estimators': [100], 'max_depth': [10]}","['mfcc_mean', 'wav_detail_lvl5_std', 'wav_approx_std', 'mfcc_1', 'NDSI', 'spec_kurtosis', 'mfcc_var', 'wav_detail_lvl3_std']",0.7546296296296297,0.7309417040358744,0.7799043062200957,0.8302829784903497,0.6557659208261618,0.5619469026548672,0.7871900826446281,0.6290577631585799,0.6059322033898306,0.7467362924281984,0.5098039215686274,0.7051618574268803,0.9713388299960738,0.9991922455573505,0.944996180290298,0.9976627099368278,0.6887417218543046,0.5416666666666666,0.9454545454545454,0.9514234542549014
RF,0.735065070003909,0.9682477459819678,0.6767694010093943,0.7164746967656921,0.7938722109113326,0.8086325439266616,0.827900046773958,"{'n_estimators': [100], 'max_depth': [10]}","['mfcc_mean', 'wav_detail_lvl5_std', 'spec_skew', 'mfcc_1', 'NDSI', 'spec_kurtosis', 'mfcc_var', 'wav_detail_lvl3_std']",0.7571428571428571,0.7535545023696683,0.7607655502392344,0.8333162350595877,0.6545454545454545,0.563338301043219,0.78099173553719,0.6422377535102128,0.6115183246073298,0.7411167512690355,0.5204991087344029,0.7108889744653221,0.9682477459819678,0.9943639291465378,0.9434682964094728,0.9973602607829269,0.6838709677419355,0.53,0.9636363636363636,0.9556970100517405
RF,0.73495665950754,0.9733750978856696,0.6753520499130076,0.7148972483603998,0.7962766176501048,0.813598166539343,0.8259812843186249,"{'n_estimators': [100], 'max_depth': [10]}","['mfcc_mean', 'wav_detail_lvl5_std', 'mfcc_1', 'NDSI', 'spec_kurtosis', 'mfcc_var', 'wav_detail_lvl3_std', 'wav_detail_lvl4_std']",0.7470449172576832,0.7383177570093458,0.7559808612440191,0.8316859121809274,0.6619964973730298,0.574468085106383,0.78099173553719,0.6460658065631345,0.62148070907195,0.7487437185929648,0.5311942959001783,0.709684073875419,0.9733750978856696,0.9983935742971888,0.9495798319327731,0.9982198269186072,0.6708860759493671,0.5145631067961165,0.9636363636363636,0.9442508020550364
RF,0.7347913527692798,0.9690560125342734,0.6762251878280314,0.7130834500810324,0.7967650165764436,0.8105423987776929,0.8290940641111948,"{'n_estimators': [100], 'max_depth': [10]}","['wav_detail_lvl5_std', 'mfcc_1', 'NDSI', 'spec_kurtosis', 'wav_detail_lvl3_std']",0.7605633802816901,0.7465437788018433,0.7751196172248804,0.8490340613219073,0.6572687224669603,0.5729646697388633,0.7706611570247934,0.6560815519696854,0.6161825726141079,0.7369727047146402,0.5294117647058824,0.6873467226472744,0.9690560125342734,0.9943729903536977,0.944996180290298,0.9977072204099606,0.6708860759493671,0.5145631067961165,0.9636363636363636,0.9553007642071466
RF,0.7347036198973731,0.9721677773422187,0.6753375805361617,0.7133446054750403,0.7970412053468625,0.8128342245989305,0.8340238125455759,"{'n_estimators': [100], 'max_depth': [10]}","['wav_detail_lvl5_std', 'NDSI', 'spec_kurtosis', 'mfcc_var', 'wav_detail_lvl3_std', 'wav_detail_lvl4_std']",0.7728337236533958,0.7568807339449541,0.7894736842105263,0.8463942915195309,0.6625659050966608,0.5764525993883792,0.7789256198347108,0.676894822136332,0.6118626430801248,0.735,0.5240641711229946,0.7071163407132997,0.9721677773422187,0.998389694041868,0.9472880061115355,0.997705317980475,0.6540880503144654,0.5,0.9454545454545454,0.942008290378241
RF,0.7343342352660256,0.972972972972973,0.6746745508392887,0.7128653553270873,0.796947290442928,0.8105423987776929,0.8279835073085001,"{'n_estimators': [100], 'max_depth': [10]}","['wav_detail_lvl5_std', 'mfcc_1', 'NDSI', 'spec_kurtosis', 'wav_detail_lvl3_std', 'wav_detail_lvl4_std']",0.7735849056603774,0.7627906976744186,0.784688995215311,0.8427978186767289,0.655536028119508,0.5703363914373089,0.7706611570247934,0.6665820309675757,0.6029106029106029,0.7231920199501247,0.5169340463458111,0.6873299495475946,0.972972972972973,0.9983922829581994,0.9488158899923606,0.9976895251901603,0.6666666666666666,0.5096153846153846,0.9636363636363636,0.9455182121604409
RF,0.7340273975631256,0.9699101211410708,0.6750567166686393,0.7129391015165372,0.7975284102331667,0.8132161955691367,0.821245980247914,"{'n_estimators': [100], 'max_depth': [10]}","['wav_detail_lvl5_std', 'spec_skew', 'mfcc_1', 'NDSI', 'mfcc_var', 'wav_detail_lvl3_std']",0.7441860465116279,0.7239819004524887,0.7655502392344498,0.8203501935254981,0.6660792951541851,0.5806451612903226,0.78099173553719,0.6451926095555318,0.6232948583420777,0.7576530612244898,0.5294117647058824,0.6923630806412191,0.9699101211410708,0.9928,0.948051948051948,0.9981340867317277,0.6666666666666666,0.5096153846153846,0.9636363636363636,0.9501899307855931
RF,0.7339618951256288,0.9702660406885759,0.6748858587348919,0.7156826151254498,0.7937059956649037,0.8124522536287242,0.8153780349185599,"{'n_estimators': [100], 'max_depth': [10]}","['spec_skew', 'mfcc_1', 'NDSI', 'spec_kurtosis', 'wav_detail_lvl3_std']",0.7464788732394366,0.7327188940092166,0.7607655502392344,0.8268534202665456,0.671280276816609,0.5773809523809523,0.8016528925619835,0.6359362247239296,0.6108165429480382,0.7539267015706806,0.5133689839572193,0.6872833646302362,0.9702660406885759,0.9943865276663993,0.9472880061115355,0.997689874563488,0.6709677419354839,0.52,0.9454545454545454,0.9291272904086005
RF,0.7338608456702116,0.9721459395841506,0.6742895721917268,0.7109922166050852,0.7924831768288002,0.8105423987776929,0.8189541215225171,"{'n_estimators': [100], 'max_depth': [10]}","['mfcc_mean', 'wav_detail_lvl5_std', 'wav_approx_std', 'NDSI', 'spec_kurtosis', 'mfcc_var', 'wav_detail_lvl3_std']",0.7443946188340808,0.70042194092827,0.7942583732057417,0.8201427056469626,0.6631578947368421,0.5762195121951219,0.78099173553719,0.6263905496650262,0.6050420168067226,0.7365728900255755,0.5133689839572193,0.7075331887300726,0.9721459395841506,0.9991935483870967,0.946524064171123,0.9975245817631821,0.6845637583892618,0.5425531914893617,0.9272727272727272,0.9431795818073427
RF,0.7337602511796891,0.9713837710701686,0.6743543712070692,0.7113164648541203,0.791798053714744,0.8101604278074866,0.825737905170565,"{'n_estimators': [100], 'max_depth': [10]}","['mfcc_mean', 'wav_detail_lvl5_std', 'spec_skew', 'mfcc_1', 'NDSI', 'spec_kurtosis', 'wav_detail_lvl3_std', 'wav_detail_lvl4_std']",0.7398568019093079,0.7380952380952381,0.7416267942583732,0.8214389173678857,0.6625222024866785,0.5809968847352025,0.7706611570247934,0.6654351532397123,0.6111675126903553,0.7099056603773585,0.5365418894830659,0.6982981886069135,0.9713837710701686,0.9975845410628019,0.946524064171123,0.997447107917083,0.6838709677419355,0.53,0.9636363636363636,0.9460701587212305
RF,0.7335612960586234,0.9678683385579937,0.6749845354337809,0.7118338201467745,0.7952423718508717,0.8093964858670741,0.8294822358130167,"{'n_estimators': [100], 'max_depth': [10]}","['wav_detail_lvl5_std', 'spec_skew', 'mfcc_1', 'NDSI', 'spec_kurtosis', 'wav_detail_lvl3_std']",0.7407407407407407,0.7174887892376681,0.7655502392344498,0.8369678770940238,0.663167104111986,0.575113808801214,0.7830578512396694,0.659809970403999,0.6121593291404612,0.7430025445292621,0.5204991087344029,0.6926648324758775,0.9678683385579937,0.9935639581657281,0.9434682964094728,0.9974685398067904,0.6838709677419355,0.53,0.9636363636363636,0.9604999592843931
RF,0.7333696048178371,0.9705304518664047,0.6740793930556952,0.7114111048763248,0.7828966802031816,0.8048128342245989,0.8132917763014869,"{'n_estimators': [100], 'max_depth': [10]}","['mfcc_mean', 'wav_detail_lvl5_std', 'wav_approx_std', 'spec_skew', 'mfcc_1', 'NDSI', 'spec_kurtosis', 'wav_detail_lvl4_std']",0.7395348837209302,0.7194570135746606,0.7607655502392344,0.8000890849953182,0.6413427561837456,0.5601851851851852,0.75,0.6287374369818144,0.6071065989847716,0.7051886792452831,0.5329768270944741,0.6838362279504544,0.9705304518664047,0.9991909385113269,0.9434682964094728,0.9975625748781538,0.7083333333333334,0.5730337078651685,0.9272727272727272,0.9562335567016935
RF,0.7330831973235116,0.96700706991359,0.6746022291759921,0.7113573748871425,0.7940657550536526,0.806340718105424,0.8236350223203441,"{'n_estimators': [100], 'max_depth': [10]}","['mfcc_mean', 'wav_detail_lvl5_std', 'spec_skew', 'mfcc_1', 'spec_kurtosis', 'mfcc_var', 'wav_detail_lvl3_std', 'wav_detail_lvl4_std']",0.7552447552447552,0.7363636363636363,0.7751196172248804,0.8217798870146149,0.6509598603839442,0.5634441087613293,0.7706611570247934,0.6436834535597393,0.6083333333333333,0.731829573934837,0.5204991087344029,0.7019261494034148,0.96700706991359,0.9951495553759094,0.9404125286478228,0.9971747162838713,0.6838709677419355,0.53,0.9636363636363636,0.9536109053400808
RF,0.7329084561227819,0.9733750978856696,0.6727917956820599,0.7131995713660184,0.7958675736497296,0.8147440794499619,0.8332896466874281,"{'n_estimators': [100], 'max_depth': [10]}","['wav_detail_lvl5_std', 'mfcc_1', 'NDSI', 'spec_kurtosis', 'mfcc_var', 'wav_detail_lvl3_std', 'wav_detail_lvl4_std']",0.755868544600939,0.7419354838709677,0.7703349282296651,0.8490984085204079,0.6631578947368421,0.5762195121951219,0.78099173553719,0.6594325692929447,0.6261780104712041,0.7588832487309645,0.5329768270944741,0.712683035049874,0.9733750978856696,0.9983935742971888,0.9495798319327731,0.9978810225056322,0.6459627329192547,0.49056603773584906,0.9454545454545454,0.9473531980682824
RF,0.7326181469447738,0.9685781618224666,0.6736281432253506,0.7067628386012375,0.7890373844187522,0.8040488922841864,0.8104846150747307,"{'n_estimators': [100], 'max_depth': [10]}","['mfcc_mean', 'wav_detail_lvl5_std', 'spec_skew', 'mfcc_1', 'spec_kurtosis', 'wav_detail_lvl3_std']",0.7327188940092166,0.7066666666666667,0.7607655502392344,0.7968851202144176,0.6469534050179212,0.5712025316455697,0.7458677685950413,0.631601008992521,0.6034308779011099,0.6953488372093023,0.5329768270944741,0.674267037546927,0.9685781618224666,0.9967663702506063,0.9419404125286478,0.996584550988752,0.7114093959731543,0.5638297872340425,0.9636363636363636,0.9530853576310357
RF,0.7325570258177799,0.96801872074883,0.6736916020850174,0.7086870131718526,0.7792560155858776,0.8109243697478992,0.79835837792928,"{'n_estimators': [100], 'max_depth': [10]}","['mfcc_mean', 'NDSI', 'spec_kurtosis', 'wav_detail_lvl4_std']",0.6839622641509434,0.6744186046511628,0.69377990430622,0.7495917392022798,0.6777163904235728,0.6112956810631229,0.7603305785123967,0.6530016545344286,0.6247544204322201,0.6958424507658644,0.5668449197860963,0.6663190377608734,0.96801872074883,0.9888446215139443,0.948051948051948,0.9968856758074791,0.7083333333333334,0.5730337078651685,0.9272727272727272,0.9259937823413389
RF,0.7325461802888147,0.9689343295320487,0.6734491429780062,0.7098488750942183,0.7884161911828673,0.8097784568372803,0.7934750330326266,"{'n_estimators': [100], 'max_depth': [10]}","['mfcc_mean', 'wav_approx_std', 'NDSI', 'wav_detail_lvl3_std']",0.6946902654867256,0.6460905349794238,0.7511961722488039,0.7456692017966641,0.6800699300699301,0.5893939393939394,0.8037190082644629,0.6185398144936066,0.6107030430220357,0.7423469387755102,0.5187165775401069,0.7003057946030319,0.9689343295320487,0.9983792544570502,0.9411764705882353,0.9966195018878918,0.7083333333333334,0.5730337078651685,0.9272727272727272,0.9062408523819382
RF,0.7324977769426431,0.9682974559686889,0.6735478571861316,0.7107860167438873,0.7916629687977844,0.8082505729564553,0.8289886781256717,"{'n_estimators': [100], 'max_depth': [10]}","['wav_detail_lvl5_std', 'spec_skew', 'NDSI', 'spec_kurtosis', 'mfcc_var', 'wav_detail_lvl3_std', 'wav_detail_lvl4_std']",0.7652582159624414,0.7511520737327189,0.7799043062200957,0.844189768479195,0.6513274336283186,0.5696594427244582,0.7603305785123967,0.6605912850897406,0.6109391124871001,0.7254901960784313,0.5276292335115864,0.6950620540141719,0.9682974559686889,0.992776886035313,0.944996180290298,0.9973283695598093,0.6666666666666666,0.5148514851485149,0.9454545454545454,0.9477719134854419
RF,0.7323600728228316,0.9717425431711146,0.6725144552357608,0.7095706809474607,0.7868092326099644,0.8074866310160428,0.8158931136450251,"{'n_estimators': [100], 'max_depth': [10]}","['mfcc_mean', 'wav_detail_lvl5_std', 'wav_approx_std', 'NDSI', 'spec_kurtosis', 'mfcc_var', 'wav_detail_lvl3_std', 'wav_detail_lvl4_std']",0.75,0.726457399103139,0.7751196172248804,0.8181030188271392,0.6495575221238938,0.5681114551083591,0.7582644628099173,0.619813385634911,0.6059365404298874,0.7115384615384616,0.5276292335115864,0.7021584352581796,0.9717425431711146,0.9991928974979822,0.9457601222307105,0.9974114910712057,0.6845637583892618,0.5425531914893617,0.9272727272727272,0.9419792374336903
RF,0.7322012249943995,0.9713388299960738,0.6724168237439809,0.7097985803144168,0.797149156313243,0.8124522536287242,0.8244056574815939,"{'n_estimators': [100], 'max_depth': [10]}","['wav_detail_lvl5_std', 'spec_skew', 'mfcc_1', 'NDSI', 'wav_detail_lvl3_std']",0.7437641723356009,0.7068965517241379,0.784688995215311,0.8142742215928948,0.6724890829694323,0.5824508320726173,0.7954545454545454,0.6670380435379704,0.6109936575052854,0.7506493506493507,0.5151515151515151,0.6923534745778328,0.9713388299960738,0.9991922455573505,0.944996180290298,0.9978256611348231,0.6624203821656051,0.5098039215686274,0.9454545454545454,0.9505368865644485
RF,0.7320410125325859,0.9729305610043154,0.6718186254146535,0.7098110609096449,0.7891839101886948,0.813598166539343,0.8147852464930171,"{'n_estimators': [100], 'max_depth': [10]}","['mfcc_mean', 'wav_approx_std', 'NDSI', 'spec_kurtosis', 'mfcc_var', 'wav_detail_lvl3_std', 'wav_detail_lvl4_std']",0.7255813953488373,0.7058823529411765,0.7464114832535885,0.8144619056517506,0.6707964601769911,0.586687306501548,0.7830578512396694,0.6191242055368583,0.6242299794661191,0.7360774818401937,0.5418894830659536,0.7057965757399822,0.9729305610043154,1.0,0.9472880061115355,0.9974426367829994,0.6666666666666666,0.5204081632653061,0.9272727272727272,0.9371009087534952
RF,0.7317849046167432,0.9713163064833006,0.6719020541501038,0.707931368578327,0.7913083876438789,0.8116883116883117,0.8155638755424091,"{'n_estimators': [100], 'max_depth': [10]}","['mfcc_mean', 'wav_detail_lvl5_std', 'wav_approx_std', 'mfcc_1', 'NDSI', 'spec_kurtosis', 'wav_detail_lvl3_std', 'wav_detail_lvl4_std']",0.7448275862068966,0.7168141592920354,0.7751196172248804,0.8133185936169427,0.6589492430988424,0.5790297339593115,0.7644628099173554,0.626239246562819,0.6257668711656442,0.7338129496402878,0.5454545454545454,0.7011451900666474,0.9713163064833006,1.0,0.9442322383498855,0.9976668368187487,0.6580645161290323,0.51,0.9272727272727272,0.9394495106468879
RF,0.7317126876948432,0.9690074539034915,0.672388996142681,0.7092138506654637,0.7845718330829503,0.8082505729564553,0.8001980661711873,"{'n_estimators': [100], 'max_depth': [10]}","['mfcc_mean', 'wav_detail_lvl5_std', 'spec_skew', 'NDSI']",0.6946386946386947,0.6772727272727272,0.7129186602870813,0.7331632769076559,0.6766519823788546,0.5898617511520737,0.7933884297520661,0.6508848073796022,0.6059365404298874,0.7115384615384616,0.5276292335115864,0.670773775909366,0.9690074539034915,0.9959677419354839,0.9434682964094728,0.9966987102650774,0.7123287671232876,0.5714285714285714,0.9454545454545454,0.9494697603942346
RF,0.7316440321540443,0.9709347996857817,0.6718213402711098,0.7094956150748253,0.7846486293516973,0.8101604278074866,0.8168515051438803,"{'n_estimators': [100], 'max_depth': [10]}","['mfcc_mean', 'wav_detail_lvl5_std', 'wav_approx_std', 'spec_skew', 'NDSI', 'spec_kurtosis', 'mfcc_var', 'wav_detail_lvl4_std']",0.7166276346604216,0.7018348623853211,0.7320574162679426,0.8109711075342575,0.6613475177304965,0.5791925465838509,0.7706611570247934,0.6348716466057692,0.6247464503042597,0.7247058823529412,0.5490196078431373,0.6894750265493068,0.9709347996857817,0.9991915925626516,0.9442322383498855,0.9975141644384479,0.6845637583892618,0.5425531914893617,0.9272727272727272,0.9514255805916204
RF,0.7315796252728637,0.9713613181639859,0.6716342020500832,0.7083932747109599,0.7880455757770702,0.806340718105424,0.8154626329715938,"{'n_estimators': [100], 'max_depth': [10]}","['mfcc_mean', 'wav_detail_lvl5_std', 'mfcc_1', 'NDSI', 'spec_kurtosis']",0.735632183908046,0.7079646017699115,0.7655502392344498,0.816631477153323,0.6537444933920705,0.5698924731182796,0.7665289256198347,0.6302021623975949,0.5991735537190083,0.7125307125307125,0.5169340463458111,0.6762127051583723,0.9713613181639859,0.9983870967741936,0.9457601222307105,0.9976620156147523,0.697986577181208,0.5531914893617021,0.9454545454545454,0.9566048045339269
RF,0.7315782208075562,0.9710485133020345,0.6717106476839366,0.7134582753195948,0.7960353484586526,0.8113063407181055,0.8198616792433235,"{'n_estimators': [100], 'max_depth': [10]}","['spec_skew', 'mfcc_1', 'NDSI', 'wav_detail_lvl3_std']",0.7603686635944701,0.7333333333333333,0.7894736842105263,0.8185059970384052,0.6678141135972461,0.5722713864306784,0.8016528925619835,0.6619207500662353,0.6004319654427646,0.7616438356164383,0.49554367201426025,0.6887034834799498,0.9710485133020345,0.9951884522854851,0.948051948051948,0.9979050450532574,0.6582278481012658,0.5048543689320388,0.9454545454545454,0.9322731205787695
RF,0.731535878742154,0.9668508287292817,0.6727071412453721,0.7077266187930793,0.7954350143711246,0.807868601986249,0.804922470337171,"{'n_estimators': [100], 'max_depth': [10]}","['mfcc_mean', 'NDSI', 'wav_detail_lvl3_std']",0.6679841897233202,0.569023569023569,0.8086124401913876,0.6854036309003995,0.6931918656056587,0.6058732612055642,0.8099173553719008,0.6744558248879216,0.601081081081081,0.7637362637362637,0.49554367201426025,0.7391208852866364,0.9668508287292817,1.0,0.9358288770053476,0.9969829233536188,0.7285714285714285,0.6,0.9272727272727272,0.928649087257278
RF,0.7313802941691644,0.9705304518664047,0.6715927547448544,0.7108760609172764,0.7850767414403778,0.8071046600458365,0.8194553728527261,"{'n_estimators': [100], 'max_depth': [10]}","['mfcc_mean', 'wav_detail_lvl5_std', 'wav_approx_std', 'spec_skew', 'mfcc_1', 'NDSI', 'spec_kurtosis']",0.7220902612826603,0.7169811320754716,0.7272727272727273,0.8075252578238267,0.6625980819529207,0.5731523378582202,0.7851239669421488,0.6501946174263612,0.6036960985626283,0.711864406779661,0.5240641711229946,0.6847410353582044,0.9705304518664047,0.9991909385113269,0.9434682964094728,0.9972559504198993,0.697986577181208,0.5531914893617021,0.9454545454545454,0.9575600032353394
RF,0.7312296710264434,0.9725274725274725,0.6709052206511862,0.7075801837915672,0.7925748620457317,0.8090145148968678,0.8054313066667195,"{'n_estimators': [100], 'max_depth': [10]}","['mfcc_mean', 'wav_detail_lvl5_std', 'wav_approx_std', 'NDSI', 'mfcc_var', 'wav_detail_lvl3_std']",0.7428571428571429,0.6869918699186992,0.8086124401913876,0.7734887915299211,0.6561125769569042,0.5712098009188361,0.7706611570247934,0.6211956718994831,0.6046511627906976,0.7428571428571429,0.5098039215686274,0.7050134690301441,0.9725274725274725,1.0,0.946524064171123,0.9975610719972522,0.68,0.5368421052631579,0.9272727272727272,0.9298975288767967
RF,0.7311258322493354,0.9742790335151987,0.6703375319328695,0.7101934640058666,0.7908239485441849,0.8124522536287242,0.828591614978748,"{'n_estimators': [100], 'max_depth': [10]}","['mfcc_1', 'NDSI', 'spec_kurtosis', 'wav_detail_lvl3_std', 'wav_detail_lvl4_std']",0.7575057736720554,0.7321428571428571,0.784688995215311,0.8451703295980698,0.6672550750220653,0.5824345146379045,0.78099173553719,0.6658708504097545,0.5985247629083246,0.7319587628865979,0.5062388591800356,0.6999535687086967,0.9742790335151987,0.994431185361973,0.9549274255156608,0.9977508526199012,0.6580645161290323,0.51,0.9272727272727272,0.9342124735573175
RF,0.7311206229033893,0.9723196881091618,0.6708208566019462,0.7110081593782949,0.7918083248958566,0.813598166539343,0.8182278344528628,"{'n_estimators': [100], 'max_depth': [10]}","['mfcc_mean', 'mfcc_1', 'NDSI', 'spec_kurtosis', 'wav_detail_lvl3_std', 'wav_detail_lvl4_std']",0.7336448598130841,0.7168949771689498,0.7511961722488039,0.8206063744095541,0.6731277533039648,0.5867895545314901,0.7892561983471075,0.6249411476635661,0.6140904311251314,0.7487179487179487,0.5204991087344029,0.7146745626030853,0.9723196881091618,0.9928343949044586,0.9526355996944232,0.9974544828513042,0.6624203821656051,0.5098039215686274,0.9454545454545454,0.9334626047368041
RF,0.73098435834492,0.9717425431711146,0.6707948121383713,0.7097488459771591,0.7945211107496499,0.8116883116883117,0.8165109169964573,"{'n_estimators': [100], 'max_depth': [10]}","['mfcc_mean', 'wav_detail_lvl5_std', 'wav_approx_std', 'mfcc_1', 'NDSI', 'spec_kurtosis', 'mfcc_var', 'wav_detail_lvl3_std', 'wav_detail_lvl4_std']",0.7534883720930232,0.7330316742081447,0.7751196172248804,0.8306326210417511,0.6596491228070176,0.573170731707317,0.7768595041322314,0.610220383762294,0.6200417536534447,0.7481108312342569,0.5294117647058824,0.7014099447621066,0.9717425431711146,0.9991928974979822,0.9457601222307105,0.9974281272430027,0.65,0.49523809523809526,0.9454545454545454,0.9428635081731324
RF,0.7309548104529767,0.9709347996857817,0.6709598131447755,0.7083180866303583,0.7883625203017266,0.8059587471352178,0.8217781501869865,"{'n_estimators': [100], 'max_depth': [10]}","['wav_detail_lvl5_std', 'wav_approx_std', 'NDSI', 'spec_kurtosis', 'mfcc_var', 'wav_detail_lvl3_std']",0.7579908675799086,0.7248908296943232,0.7942583732057417,0.8303055765830404,0.6485539000876425,0.563165905631659,0.7644628099173554,0.6446993301939847,0.5972944849115505,0.7175,0.5115864527629234,0.6900952311239874,0.9709347996857817,0.9991915925626516,0.9442322383498855,0.9971819311361625,0.68,0.5368421052631579,0.9272727272727272,0.9466086818977573
RF,0.7309503596335571,0.9698865858427845,0.6712163030812502,0.7132252117023292,0.7904010634266756,0.8086325439266616,0.8193476787230493,"{'n_estimators': [100], 'max_depth': [10]}","['mfcc_1', 'NDSI', 'spec_kurtosis', 'wav_detail_lvl3_std']",0.7582938388625592,0.7511737089201878,0.7655502392344498,0.8324809091294493,0.6603284356093345,0.5676077265973254,0.7892561983471075,0.6524922645773074,0.5995762711864406,0.7389033942558747,0.5044563279857398,0.6797770309558492,0.9698865858427845,0.9935897435897436,0.9472880061115355,0.998010312909806,0.6666666666666666,0.5148514851485149,0.9454545454545454,0.9339778760428344
RF,0.7309023598904867,0.9717425431711146,0.6706923140703297,0.7066815799032625,0.7878220344249052,0.8086325439266616,0.8227512710276688,"{'n_estimators': [100], 'max_depth': [10]}","['wav_detail_lvl5_std', 'wav_approx_std', 'NDSI', 'spec_kurtosis', 'mfcc_var', 'wav_detail_lvl3_std', 'wav_detail_lvl4_std']",0.7534883720930232,0.7330316742081447,0.7751196172248804,0.831391777528817,0.6553267681289168,0.5781990521327014,0.756198347107438,0.640727986881738,0.6072874493927125,0.702576112412178,0.5347593582887701,0.7026916973045266,0.9717425431711146,0.9991928974979822,0.9457601222307105,0.997227173361088,0.6666666666666666,0.5204081632653061,0.9272727272727272,0.9417177200621742
RF,0.7308501503724862,0.9706457925636007,0.6709012398247076,0.7143489941125714,0.7942335054944117,0.812070282658518,0.8142632480083813,"{'n_estimators': [100], 'max_depth': [10]}","['mfcc_mean', 'spec_skew', 'NDSI', 'mfcc_var', 'wav_detail_lvl3_std']",0.7565011820330969,0.7476635514018691,0.7655502392344498,0.7866511391751156,0.6740994854202401,0.5762463343108505,0.8119834710743802,0.6387006282141396,0.6030042918454935,0.7574123989218329,0.5008912655971479,0.710616747869742,0.9706457925636007,0.9951845906902087,0.9472880061115355,0.9974997959421003,0.65,0.49523809523809526,0.9454545454545454,0.9378479288408089
RF,0.7306190491650965,0.969363707776905,0.6709328845121443,0.7061287927613147,0.7844361024096459,0.8074866310160428,0.8057050447011223,"{'n_estimators': [100], 'max_depth': [10]}","['mfcc_mean', 'wav_detail_lvl5_std', 'spec_skew', 'NDSI', 'spec_kurtosis', 'wav_detail_lvl3_std']",0.683371298405467,0.6521739130434783,0.7177033492822966,0.7817643604367247,0.6749555950266429,0.5919003115264797,0.7851239669421488,0.6501641615016512,0.6081632653061224,0.711217183770883,0.5311942959001783,0.6682796367549007,0.969363707776905,0.9975747776879548,0.9427043544690603,0.9957591443250762,0.7172413793103448,0.5777777777777777,0.9454545454545454,0.9325579204872589
RF,0.7305438695311122,0.9705072748721982,0.6705530181958406,0.7082600785144817,0.7891214302162796,0.8055767761650114,0.8215682092341622,"{'n_estimators': [100], 'max_depth': [10]}","['wav_detail_lvl5_std', 'wav_approx_std', 'mfcc_1', 'NDSI', 'spec_kurtosis', 'mfcc_var', 'wav_detail_lvl3_std', 'wav_detail_lvl4_std']",0.7517401392111369,0.7297297297297297,0.7751196172248804,0.8385678092718938,0.6432953549517967,0.558599695585997,0.7582644628099173,0.6335403522083423,0.6074380165289256,0.7223587223587223,0.5240641711229946,0.6956713775851366,0.9705072748721982,1.0,0.9427043544690603,0.9977828780928647,0.6797385620915033,0.5306122448979592,0.9454545454545454,0.9422786290125738
RF,0.7303095796232498,0.970125786163522,0.6703555279881818,0.7039671804188109,0.7894340981281595,0.8040488922841864,0.7952052270519373,"{'n_estimators': [100], 'max_depth': [10]}","['mfcc_mean', 'wav_detail_lvl5_std', 'wav_approx_std', 'spec_skew', 'mfcc_1', 'wav_detail_lvl4_std']",0.730593607305936,0.6986899563318777,0.7655502392344498,0.7758065136553178,0.6457960644007156,0.5694006309148265,0.7458677685950413,0.5823504149875266,0.6030456852791878,0.7004716981132075,0.5294117647058824,0.6665954132234707,0.970125786163522,0.9991902834008097,0.9427043544690603,0.9966725610950166,0.7019867549668874,0.5520833333333334,0.9636363636363636,0.9546012322983551
RF,0.7300725286152021,0.970102281667978,0.670065090352008,0.7060868544352483,0.7910655467058507,0.8040488922841864,0.8114164736468187,"{'n_estimators': [100], 'max_depth': [10]}","['mfcc_mean', 'wav_detail_lvl5_std', 'wav_approx_std', 'mfcc_1', 'spec_kurtosis', 'mfcc_var', 'wav_detail_lvl3_std', 'wav_detail_lvl4_std']",0.7414187643020596,0.7105263157894737,0.7751196172248804,0.8100467940057551,0.6414762741652021,0.5581039755351682,0.7541322314049587,0.6078901480187647,0.6045548654244306,0.7209876543209877,0.5204991087344029,0.6955451267756935,0.970102281667978,1.0,0.9419404125286478,0.9969652600667694,0.6928104575163399,0.5408163265306123,0.9636363636363636,0.9466350393671108
RF,0.729897771493728,0.9674637397099177,0.6705062794396806,0.7105964778974654,0.7873606476083256,0.8051948051948052,0.8221627098630139,"{'n_estimators': [100], 'max_depth': [10]}","['wav_detail_lvl5_std', 'wav_approx_std', 'spec_skew', 'mfcc_1', 'NDSI', 'spec_kurtosis', 'mfcc_var', 'wav_detail_lvl3_std']",0.7535545023696683,0.7464788732394366,0.7607655502392344,0.8432632313803521,0.6504347826086957,0.5615615615615616,0.7727272727272727,0.633388865828276,0.602711157455683,0.7261306532663316,0.5151515151515151,0.6888866311965511,0.9674637397099177,0.9935587761674718,0.9427043544690603,0.9972039419993046,0.6753246753246753,0.5252525252525253,0.9454545454545454,0.9480708789105855
RF,0.7298787936883291,0.9669551534225019,0.6706097037547859,0.7057905891851016,0.7900445815559805,0.799083269671505,0.8148425663323028,"{'n_estimators': [100], 'max_depth': [10]}","['wav_detail_lvl5_std', 'wav_approx_std', 'spec_skew', 'spec_kurtosis', 'mfcc_var']",0.7410714285714286,0.694560669456067,0.7942583732057417,0.8198400843003731,0.6458333333333334,0.5568862275449101,0.768595041322314,0.6218459317103303,0.5744456177402323,0.7046632124352331,0.48484848484848486,0.66962084250148,0.9669551534225019,0.9967558799675588,0.9388846447669977,0.9961074943559506,0.7210884353741497,0.5760869565217391,0.9636363636363636,0.9667984787933803
RF,0.729871129230957,0.9705304518664047,0.6697062985720951,0.706648982959966,0.7911459616469466,0.8032849503437739,0.8063284561570983,"{'n_estimators': [100], 'max_depth': [10]}","['mfcc_mean', 'wav_detail_lvl5_std', 'wav_approx_std', 'spec_skew', 'mfcc_1', 'mfcc_var', 'wav_detail_lvl3_std']",0.7437641723356009,0.7068965517241379,0.784688995215311,0.8019261785586095,0.6381118881118881,0.553030303030303,0.7541322314049587,0.5989737676505547,0.59958071278826,0.727735368956743,0.5098039215686274,0.6929135992216489,0.9705304518664047,0.9991909385113269,0.9434682964094728,0.9971364271091342,0.6973684210526315,0.5463917525773195,0.9636363636363636,0.9406923082455443
RF,0.7298065209006045,0.9725490196078431,0.6691208962237948,0.7064645076397845,0.786679496504996,0.8074866310160428,0.8112552280353065,"{'n_estimators': [100], 'max_depth': [10]}","['mfcc_mean', 'wav_detail_lvl5_std', 'wav_approx_std', 'mfcc_1', 'NDSI', 'spec_kurtosis', 'wav_detail_lvl4_std']",0.7251732101616628,0.7008928571428571,0.7511961722488039,0.8039599919940768,0.6512866015971606,0.5707620528771384,0.7582644628099173,0.6181664938132607,0.6112820512820513,0.7198067632850241,0.5311942959001783,0.6848822405685762,0.9725490196078431,0.9991941982272361,0.9472880061115355,0.9975206198375427,0.6887417218543046,0.5416666666666666,0.9454545454545454,0.9517467939630754
RF,0.729758138727638,0.9721459395841506,0.6691611885135097,0.7076045938088497,0.7872618103352693,0.8082505729564553,0.8253090719058138,"{'n_estimators': [100], 'max_depth': [10]}","['wav_detail_lvl5_std', 'wav_approx_std', 'spec_skew', 'mfcc_1', 'NDSI', 'spec_kurtosis', 'mfcc_var', 'wav_detail_lvl3_std', 'wav_detail_lvl4_std']",0.7482678983833718,0.7232142857142857,0.7751196172248804,0.8386757047075026,0.6466431095406361,0.5648148148148148,0.756198347107438,0.6430393004629739,0.6150670794633643,0.7303921568627451,0.5311942959001783,0.6982849926246224,0.9721459395841506,0.9991935483870967,0.946524064171123,0.9975209392603182,0.6666666666666666,0.5204081632653061,0.9272727272727272,0.9490244224736523
RF,0.7296368455267278,0.9694835680751174,0.6696751648896304,0.7053957493876218,0.7787999044767973,0.8074866310160428,0.8045724802767639,"{'n_estimators': [100], 'max_depth': [10]}","['mfcc_mean', 'wav_detail_lvl5_std', 'spec_skew', 'NDSI', 'spec_kurtosis', 'wav_detail_lvl4_std']",0.6962616822429907,0.680365296803653,0.7129186602870813,0.7733962365427806,0.6672727272727272,0.5957792207792207,0.7582644628099173,0.6512178373293086,0.6117179741807348,0.6905829596412556,0.5490196078431373,0.6694331513089009,0.9694835680751174,0.9935846030473136,0.946524064171123,0.9964064070472228,0.7034482758620689,0.5666666666666667,0.9272727272727272,0.9324087691556068
RF,0.7295500626430156,0.9657884388517499,0.6704904685908322,0.7025151816645201,0.7887250454770861,0.7979373567608862,0.8086526227900099,"{'n_estimators': [100], 'max_depth': [10]}","['wav_detail_lvl5_std', 'wav_approx_std', 'spec_skew', 'mfcc_1', 'spec_kurtosis']",0.7361419068736141,0.6859504132231405,0.7942583732057417,0.806320786277476,0.6448184233835252,0.5643410852713179,0.7520661157024794,0.6302923820620334,0.5749741468459152,0.6847290640394089,0.49554367201426025,0.6561030032526477,0.9657884388517499,0.9951377633711507,0.9381207028265852,0.9963739070279518,0.726027397260274,0.5824175824175825,0.9636363636363636,0.9541730353299404
RF,0.7295177146419675,0.96796875,0.6699049558024592,0.7047147212718555,0.7784822045390579,0.8082505729564553,0.7978246415832332,"{'n_estimators': [100], 'max_depth': [10]}","['mfcc_mean', 'spec_skew', 'NDSI', 'spec_kurtosis', 'wav_detail_lvl4_std']",0.6805555555555556,0.6591928251121076,0.7033492822966507,0.7437490487223429,0.676416819012797,0.6065573770491803,0.7644628099173554,0.6590932210733533,0.614314115308151,0.6943820224719102,0.5508021390374331,0.6657586104101864,0.96796875,0.9904076738609112,0.946524064171123,0.9965951603897065,0.7083333333333334,0.5730337078651685,0.9272727272727272,0.923927167320577
RF,0.7294460107948516,0.969315499606609,0.6694786385919123,0.7083808535250247,0.7809423534529079,0.8051948051948052,0.8184593328295001,"{'n_estimators': [100], 'max_depth': [10]}","['mfcc_mean', 'wav_detail_lvl5_std', 'wav_approx_std', 'NDSI', 'spec_kurtosis', 'mfcc_var']",0.7083333333333334,0.6860986547085202,0.7320574162679426,0.8097583899574488,0.6550218340611353,0.56732223903177,0.7747933884297521,0.6357223109862757,0.6111111111111112,0.7226277372262774,0.5294117647058824,0.6940230698192662,0.969315499606609,0.9991889699918897,0.9411764705882353,0.997522674993367,0.7034482758620689,0.5666666666666667,0.9272727272727272,0.9552702183911431
RF,0.7293828878022193,0.9705304518664047,0.6690959967861728,0.7092064160032304,0.7869589749775507,0.8116883116883117,0.820448519681725,"{'n_estimators': [100], 'max_depth': [10]}","['mfcc_mean', 'wav_detail_lvl5_std', 'wav_approx_std', 'spec_skew', 'NDSI', 'spec_kurtosis', 'mfcc_var', 'wav_detail_lvl3_std']",0.7183098591549296,0.7050691244239631,0.7320574162679426,0.8150297604023158,0.6719022687609075,0.581570996978852,0.7954545454545454,0.6385018420393199,0.6238341968911917,0.745049504950495,0.5365418894830659,0.7032101530563525,0.9705304518664047,0.9991909385113269,0.9434682964094728,0.9970069184303789,0.6623376623376623,0.5151515151515151,0.9272727272727272,0.9484939244802583
RF,0.7293167970463053,0.9702427564604542,0.669085307192768,0.7081276889528765,0.7936739758974489,0.8090145148968678,0.8301647255664566,"{'n_estimators': [100], 'max_depth': [10]}","['wav_detail_lvl5_std', 'spec_skew', 'mfcc_1', 'NDSI', 'spec_kurtosis', 'wav_detail_lvl3_std', 'wav_detail_lvl4_std']",0.7600950118764845,0.7547169811320755,0.7655502392344498,0.8436774519917629,0.657243816254417,0.5740740740740741,0.768595041322314,0.6664151487632536,0.6086956521739131,0.725925925925926,0.5240641711229946,0.6903156478315198,0.9702427564604542,0.9951807228915662,0.946524064171123,0.9974791085915705,0.6503067484662577,0.49074074074074076,0.9636363636363636,0.9529362706541762
RF,0.7291988314268033,0.9701960784313726,0.668949519675661,0.7054191886397312,0.7966549943161259,0.8074866310160428,0.8231413711481184,"{'n_estimators': [100], 'max_depth': [10]}","['wav_detail_lvl5_std', 'spec_skew', 'NDSI', 'mfcc_var', 'wav_detail_lvl3_std']",0.7494356659142212,0.7094017094017094,0.7942583732057417,0.8142147617732505,0.6637478108581436,0.5759878419452887,0.7830578512396694,0.6646994511788203,0.591728525980912,0.7303664921465969,0.49732620320855614,0.6875077702990914,0.9701960784313726,0.9967767929089444,0.944996180290298,0.997482536813667,0.6708860759493671,0.5145631067961165,0.9636363636363636,0.9518023356757628
RF,0.7290875496023533,0.971875,0.6683906870029416,0.7093848382022475,0.784776342899056,0.8082505729564553,0.8213281804517976,"{'n_estimators': [100], 'max_depth': [10]}","['mfcc_mean', 'wav_detail_lvl5_std', 'NDSI', 'spec_kurtosis', 'mfcc_var', 'wav_detail_lvl4_std']",0.7333333333333333,0.7298578199052133,0.7368421052631579,0.8258203832805511,0.6484098939929329,0.566358024691358,0.7582644628099173,0.6359158702294672,0.6164948453608248,0.7310513447432763,0.5329768270944741,0.6997611030643138,0.971875,0.9944044764188649,0.9503437738731857,0.9976506464422921,0.6753246753246753,0.5252525252525253,0.9454545454545454,0.9474928992423639
RF,0.7290524285849029,0.9709347996857817,0.6685818358096833,0.7027518040832981,0.778830242840938,0.8048128342245989,0.8138688284209591,"{'n_estimators': [100], 'max_depth': [10]}","['mfcc_mean', 'wav_detail_lvl5_std', 'NDSI', 'spec_kurtosis', 'wav_detail_lvl3_std', 'wav_detail_lvl4_std']",0.6924829157175398,0.6608695652173913,0.7272727272727273,0.7846899541669271,0.6696914700544465,0.5970873786407767,0.762396694214876,0.6655470826367856,0.5938430983118173,0.6704035874439462,0.5329768270944741,0.6835870239053932,0.9709347996857817,0.9991915925626516,0.9442322383498855,0.9966110187624377,0.7183098591549296,0.5862068965517241,0.9272727272727272,0.9389090626332521
RF,0.7289961005397289,0.9725490196078431,0.6681078707727004,0.7060735785480861,0.7904860108462698,0.807868601986249,0.8211469192726553,"{'n_estimators': [100], 'max_depth': [10]}","['mfcc_mean', 'wav_detail_lvl5_std', 'mfcc_1', 'NDSI', 'spec_kurtosis', 'wav_detail_lvl3_std', 'wav_detail_lvl4_std']",0.7353629976580797,0.7201834862385321,0.7511961722488039,0.8221053890901852,0.654288240495137,0.5718701700154559,0.7644628099173554,0.6397888715523172,0.607621009268795,0.7195121951219512,0.5258467023172906,0.7048028195564385,0.9725490196078431,0.9991941982272361,0.9472880061115355,0.9969943994122629,0.6751592356687898,0.5196078431372549,0.9636363636363636,0.9420431167520725
RF,0.7289163124138824,0.970125786163522,0.6686139439764727,0.7034728985070942,0.7928541699411387,0.806340718105424,0.8061727648453072,"{'n_estimators': [100], 'max_depth': [10]}","['mfcc_mean', 'wav_detail_lvl5_std', 'wav_approx_std', 'spec_skew', 'mfcc_1', 'wav_detail_lvl3_std', 'wav_detail_lvl4_std']",0.7235955056179775,0.6822033898305084,0.7703349282296651,0.7996864774260911,0.6590106007067138,0.5756172839506173,0.7706611570247934,0.6062765788632004,0.603537981269511,0.725,0.5169340463458111,0.6824313526563875,0.970125786163522,0.9991902834008097,0.9427043544690603,0.9974938568149039,0.6883116883116883,0.5353535353535354,0.9636363636363636,0.9449755584659526
RF,0.7288224778046388,0.9698394046220133,0.6685682461002953,0.7107095770082485,0.7915206587202084,0.8101604278074866,0.8290067119767912,"{'n_estimators': [100], 'max_depth': [10]}","['wav_detail_lvl5_std', 'mfcc_1', 'NDSI', 'spec_kurtosis', 'mfcc_var', 'wav_detail_lvl3_std']",0.7464788732394366,0.7327188940092166,0.7607655502392344,0.8446243723388647,0.6591500433651344,0.5680119581464873,0.7851239669421488,0.6475076826469807,0.6186440677966102,0.762402088772846,0.5204991087344029,0.7007593511543166,0.9698394046220133,0.9951768488745981,0.9457601222307105,0.9980878670006536,0.65,0.49523809523809526,0.9454545454545454,0.954054286743141
RF,0.7287725318441701,0.9735408560311284,0.6675804507974306,0.7071443416490794,0.7907051781130024,0.8116883116883117,0.8321387984676495,"{'n_estimators': [100], 'max_depth': [10]}","['NDSI', 'spec_kurtosis', 'mfcc_var', 'wav_detail_lvl3_std', 'wav_detail_lvl4_std']",0.755868544600939,0.7419354838709677,0.7703349282296651,0.8493420741958249,0.6570915619389587,0.580952380952381,0.756198347107438,0.6757250752515312,0.6113989637305699,0.7301980198019802,0.5258467023172906,0.7043803304607692,0.9735408560311284,0.9920697858842189,0.9556913674560733,0.9978390455367114,0.6459627329192547,0.49056603773584906,0.9454545454545454,0.9334074668934113
RF,0.7286637020910992,0.9709347996857817,0.6680959276924285,0.7071764590278702,0.7912321396588213,0.8090145148968678,0.8100150708145218,"{'n_estimators': [100], 'max_depth': [10]}","['mfcc_mean', 'wav_detail_lvl5_std', 'wav_approx_std', 'spec_skew', 'mfcc_1', 'NDSI', 'mfcc_var', 'wav_detail_lvl3_std', 'wav_detail_lvl4_std']",0.7424593967517401,0.7207207207207207,0.7655502392344498,0.8040378917121994,0.657917760279965,0.5705614567526556,0.7768595041322314,0.605182576352221,0.6137787056367432,0.7405541561712846,0.5240641711229946,0.7011166231393826,0.9709347996857817,0.9991915925626516,0.9442322383498855,0.9974722145306332,0.6582278481012658,0.5048543689320388,0.9454545454545454,0.9422660483381728
RF,0.7286049246202612,0.9691285658460336,0.668474014313818,0.7114586976892032,0.7885293203840911,0.8113063407181055,0.8151981504257956,"{'n_estimators': [100], 'max_depth': [10]}","['spec_skew', 'NDSI', 'mfcc_var', 'wav_detail_lvl3_std']",0.7383177570093458,0.7214611872146118,0.7559808612440191,0.8104723097667014,0.6660884648742411,0.5739910313901345,0.7933884297520661,0.6417199571963409,0.6198083067092651,0.7698412698412699,0.5187165775401069,0.6974631624708079,0.9691285658460336,0.992,0.9472880061115355,0.9976459623139753,0.6496815286624203,0.5,0.9272727272727272,0.9286893603811521
RF,0.7285502171625989,0.9677672955974843,0.6687459475538777,0.7079119026328511,0.7882853219582744,0.8029029793735676,0.818624624326968,"{'n_estimators': [100], 'max_depth': [10]}","['mfcc_mean', 'wav_detail_lvl5_std', 'spec_skew', 'mfcc_1', 'spec_kurtosis', 'mfcc_var', 'wav_detail_lvl3_std']",0.7452830188679245,0.7348837209302326,0.7559808612440191,0.8176456234505896,0.6429192006950478,0.5547226386806596,0.7644628099173554,0.6302778028487165,0.6029106029106029,0.7231920199501247,0.5169340463458111,0.6893987820241217,0.9677672955974843,0.9967611336032388,0.9404125286478228,0.9961988811727264,0.6838709677419355,0.53,0.9636363636363636,0.9596020321386859
RF,0.7284951067526493,0.9705304518664047,0.6679862704742104,0.7096340995082772,0.7878179162051946,0.807868601986249,0.8160161315918272,"{'n_estimators': [100], 'max_depth': [10]}","['mfcc_mean', 'wav_detail_lvl5_std', 'wav_approx_std', 'spec_skew', 'mfcc_1', 'NDSI', 'spec_kurtosis', 'wav_detail_lvl3_std']",0.7380952380952381,0.7345971563981043,0.7416267942583732,0.8090164984446863,0.6632124352331606,0.56973293768546,0.7933884297520661,0.6387144441126622,0.6039707419017764,0.7297979797979798,0.5151515151515151,0.689947338659073,0.9705304518664047,0.9991909385113269,0.9434682964094728,0.9968170272657546,0.6666666666666666,0.5148514851485149,0.9454545454545454,0.9455853494769597
RF,0.7284326595759429,0.9666011787819253,0.6688905297744474,0.7062609441143021,0.7844003055767761,0.8021390374331551,0.8107648627770467,"{'n_estimators': [100], 'max_depth': [10]}","['mfcc_mean', 'wav_detail_lvl5_std', 'spec_skew', 'spec_kurtosis', 'mfcc_var']",0.7169811320754716,0.7069767441860465,0.7272727272727273,0.7788688056631139,0.6549912434325744,0.5683890577507599,0.7727272727272727,0.6288986528103768,0.5969230769230769,0.7028985507246377,0.5187165775401069,0.6769351230459155,0.9666011787819253,0.9951456310679612,0.9396485867074102,0.9962311077628769,0.7066666666666667,0.5578947368421052,0.9636363636363636,0.9728906246029512
RF,0.7283540319027876,0.9679437060203284,0.6684566133734023,0.7110263554041545,0.7877325667108949,0.8090145148968678,0.8195008045331104,"{'n_estimators': [100], 'max_depth': [10]}","['mfcc_mean', 'NDSI', 'spec_kurtosis', 'mfcc_var', 'wav_detail_lvl3_std']",0.7281323877068558,0.719626168224299,0.7368421052631579,0.8177251621672804,0.6660899653979239,0.5729166666666666,0.7954545454545454,0.6237063830870302,0.6129374337221634,0.756544502617801,0.5151515151515151,0.7161965700745804,0.9679437060203284,0.9911929543634908,0.9457601222307105,0.9971747560463491,0.6666666666666666,0.5148514851485149,0.9454545454545454,0.9427011512903118
RF,0.7280553286722324,0.970125786163522,0.66753771429941,0.7045784661529586,0.7854370491128162,0.8017570664629489,0.7976082782828481,"{'n_estimators': [100], 'max_depth': [10]}","['mfcc_mean', 'wav_detail_lvl5_std', 'wav_approx_std', 'spec_skew', 'mfcc_var']",0.7353629976580797,0.7201834862385321,0.7511961722488039,0.7615041136754449,0.636604774535809,0.5564142194744977,0.743801652892562,0.5999398246203287,0.6008146639511202,0.7007125890736342,0.5258467023172906,0.6749464338965013,0.970125786163522,0.9991902834008097,0.9427043544690603,0.9962452461177628,0.6973684210526315,0.5463917525773195,0.9636363636363636,0.955405773104203
RF,0.7279568125775315,0.96796875,0.6679538282219144,0.7105998542192784,0.7867582665950243,0.8090145148968678,0.820313774377688,"{'n_estimators': [100], 'max_depth': [10]}","['NDSI', 'spec_kurtosis', 'mfcc_var', 'wav_detail_lvl3_std']",0.7303102625298329,0.7285714285714285,0.7320574162679426,0.8356424821165375,0.6643478260869565,0.5735735735735735,0.7892561983471075,0.6312945861895214,0.6147368421052631,0.7506426735218509,0.5204991087344029,0.7012241514447461,0.96796875,0.9904076738609112,0.946524064171123,0.9973090648035442,0.6624203821656051,0.5098039215686274,0.9454545454545454,0.9360985873340909
RF,0.727847448220747,0.9705304518664047,0.6671766973093325,0.7001263304004064,0.7896606611326566,0.8040488922841864,0.8108065038364354,"{'n_estimators': [100], 'max_depth': [10]}","['mfcc_mean', 'wav_detail_lvl5_std', 'wav_approx_std', 'mfcc_1', 'spec_kurtosis', 'wav_detail_lvl3_std', 'wav_detail_lvl4_std']",0.71875,0.6736401673640168,0.7703349282296651,0.8063584543701859,0.645045045045045,0.5718849840255591,0.7396694214876033,0.6174363001070426,0.6075433231396534,0.7095238095238096,0.5311942959001783,0.6863311957653551,0.9705304518664047,0.9991909385113269,0.9434682964094728,0.9966784366790253,0.6973684210526315,0.5463917525773195,0.9636363636363636,0.947228132260568
RF,0.7278332443840215,0.96852871754524,0.6676593760937168,0.6997339365122472,0.7928085161859437,0.8051948051948052,0.8138306252418538,"{'n_estimators': [100], 'max_depth': [10]}","['wav_detail_lvl5_std', 'wav_approx_std', 'spec_kurtosis', 'mfcc_var', 'wav_detail_lvl3_std', 'wav_detail_lvl4_std']",0.7320261437908496,0.672,0.8038277511961722,0.824357371307053,0.6535008976660682,0.5777777777777777,0.7520661157024794,0.6182858092865036,0.6053719008264463,0.7199017199017199,0.5222816399286988,0.6822942666035294,0.96852871754524,0.9983779399837794,0.9404125286478228,0.9967333177760831,0.6797385620915033,0.5306122448979592,0.9454545454545454,0.9474823612361004
RF,0.7277413760608565,0.9709347996857817,0.6669430201546253,0.7012815814726215,0.7803267161584077,0.8036669213139801,0.8117361701286179,"{'n_estimators': [100], 'max_depth': [10]}","['mfcc_mean', 'wav_detail_lvl5_std', 'spec_skew', 'NDSI', 'spec_kurtosis', 'wav_detail_lvl3_std', 'wav_detail_lvl4_std']",0.6926605504587156,0.6651982378854625,0.722488038277512,0.7879667138248772,0.6636528028933092,0.590032154340836,0.7582644628099173,0.6764267254911007,0.5942173479561316,0.6742081447963801,0.5311942959001783,0.6654547612826218,0.9709347996857817,0.9991915925626516,0.9442322383498855,0.9963658913781538,0.7172413793103448,0.5777777777777777,0.9454545454545454,0.9324667586663353
RF,0.7276261191315234,0.9698157585260682,0.6670787092828872,0.7101777257845345,0.7866219876380304,0.8090145148968678,0.8252402920137845,"{'n_estimators': [100], 'max_depth': [10]}","['mfcc_mean', 'wav_detail_lvl5_std', 'spec_skew', 'NDSI', 'spec_kurtosis', 'mfcc_var', 'wav_detail_lvl3_std']",0.7325301204819277,0.7378640776699029,0.7272727272727273,0.8333079209787252,0.6637781629116117,0.5716417910447761,0.7913223140495868,0.6419548740583646,0.6137787056367432,0.7405541561712846,0.5240641711229946,0.6994904537444265,0.9698157585260682,0.9959742351046699,0.944996180290298,0.9968331976543191,0.6582278481012658,0.5048543689320388,0.9454545454545454,0.9546150136330872
RF,0.7275949456745677,0.9731203739774056,0.6662135885988583,0.7091019224591008,0.7874985104959774,0.8132161955691367,0.816831030909745,"{'n_estimators': [100], 'max_depth': [10]}","['mfcc_mean', 'NDSI', 'spec_kurtosis', 'mfcc_var', 'wav_detail_lvl3_std', 'wav_detail_lvl4_std']",0.720763723150358,0.719047619047619,0.722488038277512,0.8086134130443429,0.6742957746478874,0.5874233128834356,0.7913223140495868,0.6345998040432203,0.6157068062827226,0.7461928934010152,0.5240641711229946,0.715469455374278,0.9731203739774056,0.9928457869634341,0.9541634835752483,0.997436646700565,0.6540880503144654,0.5,0.9454545454545454,0.9280358353863187
RF,0.7275477052057726,0.9711613406079501,0.6666442963552283,0.7102469661483022,0.7857104964647886,0.8109243697478992,0.8180154924778014,"{'n_estimators': [100], 'max_depth': [10]}","['mfcc_mean', 'spec_skew', 'NDSI', 'spec_kurtosis', 'mfcc_var', 'wav_detail_lvl3_std', 'wav_detail_lvl4_std']",0.7194244604316546,0.7211538461538461,0.7177033492822966,0.8036315394685569,0.6771105308964317,0.5849624060150376,0.8037190082644629,0.6531037502415444,0.6033755274261603,0.7390180878552972,0.5098039215686274,0.7083763085174621,0.9711613406079501,0.9912490055688147,0.9518716577540107,0.9971462310856776,0.6666666666666666,0.5148514851485149,0.9454545454545454,0.9278196330757662
RF,0.727507099526578,0.970125786163522,0.6668524278673421,0.7005296653902133,0.7930763466761215,0.8044308632543926,0.808687725695691,"{'n_estimators': [100], 'max_depth': [10]}","['mfcc_mean', 'wav_detail_lvl5_std', 'wav_approx_std', 'spec_skew', 'mfcc_var', 'wav_detail_lvl3_std', 'wav_detail_lvl4_std']",0.7284768211920529,0.6762295081967213,0.7894736842105263,0.8009291890478502,0.6512455516014235,0.571875,0.756198347107438,0.6121468815871043,0.5993756503642039,0.72,0.5133689839572193,0.6857351149340289,0.970125786163522,0.9991902834008097,0.9427043544690603,0.9969712118787838,0.6883116883116883,0.5353535353535354,0.9636363636363636,0.947656231030688
RF,0.7274695072446571,0.9682477459819678,0.6672749475603295,0.7032792712247666,0.7828729699796403,0.80061115355233,0.8097195650143464,"{'n_estimators': [100], 'max_depth': [10]}","['mfcc_mean', 'wav_detail_lvl5_std', 'spec_kurtosis', 'mfcc_var', 'wav_detail_lvl4_std']",0.7230046948356808,0.7096774193548387,0.7368421052631579,0.8034242814006421,0.655417406749556,0.5747663551401869,0.762396694214876,0.6104464906538741,0.5792682926829268,0.6737588652482269,0.5080213903743316,0.6768007342706543,0.9682477459819678,0.9943639291465378,0.9434682964094728,0.9967227451239834,0.7114093959731543,0.5638297872340425,0.9636363636363636,0.9612035736225776
RF,0.7274401836775853,0.9631683168316831,0.6685081503890609,0.7087558627743116,0.77144821216873,0.7971734148204737,0.8012673764387734,"{'n_estimators': [100], 'max_depth': [10]}","['mfcc_mean', 'wav_approx_std', 'NDSI', 'spec_kurtosis']",0.6777251184834123,0.6713615023474179,0.6842105263157895,0.7421884333147963,0.6643835616438356,0.5672514619883041,0.8016528925619835,0.6711437087338504,0.5873983739837398,0.6832151300236406,0.5151515151515151,0.6667809137219655,0.9631683168316831,1.0,0.9289533995416348,0.9958481146226851,0.7445255474452555,0.6219512195121951,0.9272727272727272,0.9303757118005701
RF,0.727363808579212,0.970125786163522,0.6666733141831345,0.7053611353814391,0.7753707798909037,0.8032849503437739,0.7965786525096975,"{'n_estimators': [100], 'max_depth': [10]}","['mfcc_mean', 'wav_detail_lvl5_std', 'wav_approx_std', 'spec_skew', 'NDSI']",0.6666666666666666,0.6543778801843319,0.6794258373205742,0.7356845261120074,0.6607773851590106,0.5771604938271605,0.7727272727272727,0.6207295956361552,0.6068548387096774,0.6983758700696056,0.5365418894830659,0.6809586894374775,0.970125786163522,0.9991902834008097,0.9427043544690603,0.9964223527520741,0.7323943661971831,0.5977011494252874,0.9454545454545454,0.9490980986107733
RF,0.7273215581402563,0.969315499606609,0.6668230727736683,0.705478077333441,0.7880995147080145,0.8017570664629489,0.8114560486273901,"{'n_estimators': [100], 'max_depth': [10]}","['mfcc_mean', 'wav_detail_lvl5_std', 'wav_approx_std', 'spec_skew', 'mfcc_1', 'spec_kurtosis', 'mfcc_var', 'wav_detail_lvl3_std', 'wav_detail_lvl4_std']",0.7424593967517401,0.7207207207207207,0.7655502392344498,0.8155550686749335,0.6394439617723718,0.5517241379310345,0.7603305785123967,0.608077418950076,0.5970772442588727,0.7204030226700252,0.5098039215686274,0.6900562159841384,0.969315499606609,0.9991889699918897,0.9411764705882353,0.9969628757440386,0.6883116883116883,0.5353535353535354,0.9636363636363636,0.9466286637837635
RF,0.7272939736050608,0.9698865858427845,0.6666458205456298,0.7116733688431802,0.785844094923746,0.8059587471352178,0.8176191633253016,"{'n_estimators': [100], 'max_depth': [10]}","['mfcc_mean', 'spec_skew', 'NDSI', 'spec_kurtosis', 'mfcc_var', 'wav_detail_lvl3_std']",0.7410926365795725,0.7358490566037735,0.7464114832535885,0.8139411157180905,0.6615515771526002,0.5631349782293179,0.8016528925619835,0.6371499394021308,0.5886143931256713,0.7405405405405405,0.48841354723707664,0.6980640819318368,0.9698865858427845,0.9935897435897436,0.9472880061115355,0.9974810128152478,0.6753246753246753,0.5252525252525253,0.9454545454545454,0.9414596667592017
RF,0.7272926694809777,0.9713613181639859,0.6662755073102257,0.7056406162328732,0.7824386196409838,0.8051948051948052,0.8268301029514632,"{'n_estimators': [100], 'max_depth': [10]}","['mfcc_mean', 'wav_detail_lvl5_std', 'NDSI', 'spec_kurtosis', 'mfcc_var']",0.7400468384074942,0.7247706422018348,0.7559808612440191,0.830987928577558,0.6514084507042254,0.5674846625766872,0.7644628099173554,0.6569255287824844,0.5981500513874615,0.7063106796116505,0.5187165775401069,0.6941350167169094,0.9713613181639859,0.9983870967741936,0.9457601222307105,0.997515357035328,0.6754966887417219,0.53125,0.9272727272727272,0.9545866836450357
RF,0.7272234272215046,0.9705304518664047,0.6663966710602796,0.7061129073048439,0.7846489339537468,0.8101604278074866,0.8153892305549414,"{'n_estimators': [100], 'max_depth': [10]}","['mfcc_mean', 'wav_detail_lvl5_std', 'wav_approx_std', 'spec_skew', 'mfcc_1', 'NDSI', 'spec_kurtosis', 'wav_detail_lvl3_std', 'wav_detail_lvl4_std']",0.7238095238095238,0.7203791469194313,0.7272727272727273,0.8162833653596648,0.6701940035273368,0.5846153846153846,0.7851239669421488,0.6311242204624465,0.617737003058104,0.7214285714285714,0.5401069518716578,0.6957733563064842,0.9705304518664047,0.9991909385113269,0.9434682964094728,0.9968897353994715,0.6538461538461539,0.504950495049505,0.9272727272727272,0.9368754752466402
RF,0.7272173074945296,0.9681227863046045,0.6669909377920111,0.702691650972273,0.7819567879348346,0.7975553857906799,0.8000686277651436,"{'n_estimators': [100], 'max_depth': [10]}","['mfcc_mean', 'wav_detail_lvl5_std', 'mfcc_1', 'spec_kurtosis']",0.7188940092165899,0.6933333333333334,0.7464114832535885,0.7666276157261657,0.641409691629956,0.5591397849462365,0.7520661157024794,0.5993981403243733,0.5816326530612245,0.6801909307875895,0.5080213903743316,0.6734058711437728,0.9681227863046045,0.9983766233766234,0.9396485867074102,0.9957074572087049,0.726027397260274,0.5824175824175825,0.9636363636363636,0.965204054422701
RF,0.7271907389078633,0.9662215239591516,0.6674330426450413,0.7042630472942367,0.7846791992133957,0.8002291825821237,0.8068700805123642,"{'n_estimators': [100], 'max_depth': [10]}","['mfcc_mean', 'wav_detail_lvl5_std', 'spec_skew', 'mfcc_1', 'spec_kurtosis']",0.7289719626168224,0.7123287671232876,0.7464114832535885,0.7885078345375877,0.646180860403863,0.5618320610687023,0.7603305785123967,0.6150576942214385,0.5925925925925926,0.7007299270072993,0.5133689839572193,0.6656960064384687,0.9662215239591516,0.994341147938561,0.9396485867074102,0.996067900572645,0.7019867549668874,0.5520833333333334,0.9636363636363636,0.969020966791681
RF,0.7271221176176328,0.9717425431711146,0.6659670112292624,0.7041702855839694,0.7879913322440764,0.8093964858670741,0.815898983471943,"{'n_estimators': [100], 'max_depth': [10]}","['wav_detail_lvl5_std', 'wav_approx_std', 'spec_skew', 'NDSI', 'mfcc_var', 'wav_detail_lvl3_std', 'wav_detail_lvl4_std']",0.7505827505827506,0.7318181818181818,0.7703349282296651,0.8005509063931857,0.6541889483065954,0.5752351097178683,0.7582644628099173,0.6443234722788731,0.6175869120654397,0.7242206235011991,0.5383244206773619,0.6972181660912438,0.9717425431711146,0.9991928974979822,0.9457601222307105,0.9973011500605778,0.6415094339622641,0.49038461538461536,0.9272727272727272,0.9401012225358342
RF,0.7270810739373306,0.9696969696969697,0.6664270999974208,0.7058585525597177,0.7829014319951557,0.8074866310160428,0.8045842364053264,"{'n_estimators': [100], 'max_depth': [10]}","['mfcc_mean', 'wav_approx_std', 'NDSI', 'spec_kurtosis', 'wav_detail_lvl3_std']",0.6974595842956121,0.6741071428571429,0.722488038277512,0.7725271073161117,0.6805194805194805,0.5856929955290611,0.8119834710743802,0.6429063601833316,0.5985401459854015,0.7211055276381909,0.5115864527629234,0.6840673926956932,0.9696969696969697,1.0,0.9411764705882353,0.9958588040201565,0.6891891891891891,0.5483870967741935,0.9272727272727272,0.9275615178113397
RF,0.7270323224418843,0.9705072748721982,0.6661635843343058,0.7102523193104231,0.7857042582148127,0.8093964858670741,0.8142039504677723,"{'n_estimators': [100], 'max_depth': [10]}","['mfcc_mean', 'wav_approx_std', 'spec_skew', 'mfcc_1', 'NDSI', 'spec_kurtosis', 'wav_detail_lvl3_std']",0.7166276346604216,0.7018348623853211,0.7320574162679426,0.8006007243434113,0.6751700680272109,0.5736994219653179,0.8202479338842975,0.6393702435814999,0.6061899679829242,0.7553191489361702,0.5062388591800356,0.697315084800914,0.9705072748721982,1.0,0.9427043544690603,0.9977254932974357,0.6666666666666666,0.5204081632653061,0.9272727272727272,0.9360082063156008
RF,0.7270043898633183,0.9705072748721982,0.6661286686110983,0.7050284328263958,0.7883238967618366,0.8113063407181055,0.8087827790719851,"{'n_estimators': [100], 'max_depth': [10]}","['mfcc_mean', 'wav_approx_std', 'mfcc_1', 'NDSI', 'spec_kurtosis', 'wav_detail_lvl3_std', 'wav_detail_lvl4_std']",0.7238979118329466,0.7027027027027027,0.7464114832535885,0.8045396130072102,0.6690140845070423,0.5828220858895705,0.7851239669421488,0.6164118104388361,0.6260330578512396,0.7444717444717445,0.5401069518716578,0.6947278026448798,0.9705072748721982,1.0,0.9427043544690603,0.9976012690557187,0.6455696202531646,0.49514563106796117,0.9272727272727272,0.9306334002132807
RF,0.7268813684086856,0.9721459395841506,0.6655652256148192,0.7059459366045844,0.7917609531851019,0.8074866310160428,0.8178175284418833,"{'n_estimators': [100], 'max_depth': [10]}","['mfcc_mean', 'wav_detail_lvl5_std', 'spec_skew', 'mfcc_1', 'NDSI', 'mfcc_var', 'wav_detail_lvl3_std']",0.7447306791569087,0.7293577981651376,0.7607655502392344,0.8145603832151216,0.6532751091703056,0.5658093797276853,0.7727272727272727,0.6355019454256974,0.6058700209643606,0.7353689567430025,0.5151515151515151,0.6991221603681422,0.9721459395841506,0.9991935483870967,0.946524064171123,0.9978069484288248,0.6583850931677019,0.5,0.9636363636363636,0.9420962047716299
RF,0.726827586902696,0.9705535924617197,0.6658960855129401,0.7054539100525836,0.7855054383649936,0.8021390374331551,0.8081824282266764,"{'n_estimators': [100], 'max_depth': [10]}","['mfcc_mean', 'wav_detail_lvl5_std', 'wav_approx_std', 'mfcc_1', 'spec_kurtosis', 'mfcc_var', 'wav_detail_lvl3_std']",0.7414187643020596,0.7105263157894737,0.7751196172248804,0.8059118179154383,0.6382608695652174,0.551051051051051,0.7582644628099173,0.6002567431283599,0.5951629863301787,0.7256410256410256,0.5044563279857398,0.688544443362118,0.9705535924617197,0.9983844911147012,0.9442322383498855,0.9972024865131991,0.6887417218543046,0.5416666666666666,0.9454545454545454,0.9489966502142664
RF,0.7267954920874388,0.970125786163522,0.6659629185684179,0.708816435770672,0.7900268537166933,0.8082505729564553,0.8238149790266924,"{'n_estimators': [100], 'max_depth': [10]}","['mfcc_mean', 'wav_detail_lvl5_std', 'spec_skew', 'mfcc_1', 'NDSI', 'spec_kurtosis', 'wav_detail_lvl3_std']",0.7307692307692307,0.7342995169082126,0.7272727272727273,0.8167310184906481,0.6660929432013769,0.5707964601769911,0.7995867768595041,0.6633459974563027,0.608604407135362,0.7397959183673469,0.5169340463458111,0.6941005020361086,0.970125786163522,0.9991902834008097,0.9427043544690603,0.9973793714330194,0.6583850931677019,0.5,0.9636363636363636,0.9475180057173835
RF,0.7266959529987228,0.9769441187964049,0.6641339115493023,0.7049825609832487,0.7879731779619198,0.8143621084797555,0.811612955948801,"{'n_estimators': [100], 'max_depth': [10]}","['mfcc_mean', 'NDSI', 'mfcc_var', 'wav_detail_lvl3_std', 'wav_detail_lvl4_std']",0.7107061503416856,0.6782608695652174,0.7464114832535885,0.7980058876704943,0.6743362831858407,0.5897832817337462,0.7871900826446281,0.6255239867588241,0.6176470588235294,0.7519181585677749,0.5240641711229946,0.7129170686139665,0.9769441187964049,1.0,0.9549274255156608,0.9978355961810323,0.6538461538461539,0.504950495049505,0.9272727272727272,0.9237822405196875
RF,0.7265938617145059,0.9713388299960738,0.6654076196441139,0.7071405850874254,0.7895227373245948,0.807868601986249,0.8223897903759527,"{'n_estimators': [100], 'max_depth': [10]}","['mfcc_mean', 'wav_detail_lvl5_std', 'spec_skew', 'mfcc_1', 'NDSI', 'spec_kurtosis', 'mfcc_var', 'wav_detail_lvl3_std', 'wav_detail_lvl4_std']",0.7439613526570048,0.751219512195122,0.7368421052631579,0.8316668313969764,0.6549912434325744,0.5683890577507599,0.7727272727272727,0.6382260756505015,0.6123711340206186,0.726161369193154,0.5294117647058824,0.7030900366587199,0.9713388299960738,0.9991922455573505,0.944996180290298,0.9976506818606166,0.6503067484662577,0.49074074074074076,0.9636363636363636,0.9413153263129489
RF,0.7265292688221408,0.9705304518664047,0.6655289730610748,0.7035521317199066,0.7832878136030401,0.8048128342245989,0.8153150643894082,"{'n_estimators': [100], 'max_depth': [10]}","['mfcc_mean', 'wav_detail_lvl5_std', 'wav_approx_std', 'spec_skew', 'NDSI', 'spec_kurtosis', 'mfcc_var', 'wav_detail_lvl3_std', 'wav_detail_lvl4_std']",0.7298578199052133,0.7230046948356808,0.7368421052631579,0.8268992892567926,0.6494661921708185,0.5703125,0.7541322314049587,0.6164225189180853,0.6074672048435923,0.7,0.5365418894830659,0.6957440480958559,0.9705304518664047,0.9991909385113269,0.9434682964094728,0.9969914856023474,0.6753246753246753,0.5252525252525253,0.9454545454545454,0.9405179800739593
RF,0.7264027929126331,0.9713613181639859,0.6651631615997949,0.7107626566261378,0.7890694651066168,0.8097784568372803,0.815238118014374,"{'n_estimators': [100], 'max_depth': [10]}","['mfcc_mean', 'mfcc_1', 'NDSI', 'spec_kurtosis', 'wav_detail_lvl3_std']",0.7315914489311164,0.7264150943396226,0.7368421052631579,0.8023737121788012,0.673469387755102,0.5722543352601156,0.8181818181818182,0.6310666087616619,0.6015037593984962,0.7567567567567568,0.49910873440285203,0.7058321602717335,0.9713613181639859,0.9983870967741936,0.9457601222307105,0.9974535182557711,0.6540880503144654,0.5,0.9454545454545454,0.9394645906039025
RF,0.7264007223153415,0.9706457925636007,0.6653394547532767,0.7052471230906798,0.7913124571272615,0.8086325439266616,0.8307185836122317,"{'n_estimators': [100], 'max_depth': [10]}","['wav_detail_lvl5_std', 'spec_skew', 'mfcc_1', 'NDSI', 'spec_kurtosis', 'mfcc_var', 'wav_detail_lvl3_std', 'wav_detail_lvl4_std']",0.7458432304038005,0.7405660377358491,0.7511961722488039,0.847285886518168,0.6584070796460177,0.5758513931888545,0.768595041322314,0.6573706975068856,0.6107660455486542,0.7283950617283951,0.5258467023172906,0.695878637656091,0.9706457925636007,0.9951845906902087,0.9472880061115355,0.9980270716181829,0.6463414634146342,0.48623853211009177,0.9636363636363636,0.9550306247618305
RF,0.7262716363812327,0.9702194357366771,0.6652846865423716,0.701937372910956,0.7822595989243892,0.8017570664629489,0.8158897811380277,"{'n_estimators': [100], 'max_depth': [10]}","['wav_detail_lvl5_std', 'wav_approx_std', 'spec_skew', 'NDSI', 'spec_kurtosis', 'mfcc_var', 'wav_detail_lvl4_std']",0.7378190255220418,0.7162162162162162,0.7607655502392344,0.804155027625986,0.6362007168458781,0.5617088607594937,0.7334710743801653,0.6428909829139065,0.5983772819472617,0.6941176470588235,0.5258467023172906,0.6811311455867108,0.9702194357366771,0.99597747385358,0.9457601222307105,0.9973003577755685,0.6887417218543046,0.5416666666666666,0.9454545454545454,0.9539713917879667
RF,0.7262702300827665,0.9733333333333334,0.6645044542701247,0.7013077615397243,0.7807988858875433,0.8093964858670741,0.7963415309470376,"{'n_estimators': [100], 'max_depth': [10]}","['mfcc_mean', 'wav_approx_std', 'NDSI', 'wav_detail_lvl3_std', 'wav_detail_lvl4_std']",0.6757369614512472,0.6422413793103449,0.7129186602870813,0.738327959812408,0.6780269058295965,0.5990491283676703,0.78099173553719,0.618440275954291,0.6103763987792472,0.7109004739336493,0.5347593582887701,0.704773237779475,0.9733333333333334,1.0,0.948051948051948,0.9972198001171465,0.6938775510204082,0.5543478260869565,0.9272727272727272,0.922946381071868
RF,0.7262251691067646,0.9721240675304279,0.6647504445008487,0.7014847746094146,0.7800057630707785,0.8093964858670741,0.8033373268741218,"{'n_estimators': [100], 'max_depth': [10]}","['mfcc_mean', 'wav_approx_std', 'NDSI', 'spec_kurtosis', 'wav_detail_lvl3_std', 'wav_detail_lvl4_std']",0.6651480637813212,0.6347826086956522,0.6985645933014354,0.7622066626449446,0.6875,0.6053459119496856,0.7954545454545454,0.6352891414132281,0.6077235772357723,0.706855791962175,0.5329768270944741,0.690534357412987,0.9721240675304279,1.0,0.9457601222307105,0.9974337752315334,0.6986301369863014,0.5604395604395604,0.9272727272727272,0.931222697667916
RF,0.7262150070686567,0.9725274725274725,0.6646368907039527,0.7036086842118665,0.7880191728714105,0.8113063407181055,0.8116019957706605,"{'n_estimators': [100], 'max_depth': [10]}","['mfcc_mean', 'wav_approx_std', 'spec_skew', 'NDSI', 'mfcc_var', 'wav_detail_lvl3_std', 'wav_detail_lvl4_std']",0.7218390804597701,0.6946902654867256,0.7511961722488039,0.7982775341022773,0.673721340388007,0.5876923076923077,0.7892561983471075,0.627407848454537,0.6133056133056133,0.7356608478802993,0.5258467023172906,0.7051748840403069,0.9725274725274725,1.0,0.946524064171123,0.9974347460190824,0.6496815286624203,0.5,0.9272727272727272,0.9297149662370991
RF,0.7262117714985434,0.9705535924617197,0.6651263162577494,0.7018658802793265,0.7917874535634175,0.8021390374331551,0.8172612416250606,"{'n_estimators': [100], 'max_depth': [10]}","['mfcc_mean', 'wav_detail_lvl5_std', 'spec_skew', 'mfcc_1', 'mfcc_var', 'wav_detail_lvl3_std', 'wav_detail_lvl4_std']",0.7539503386004515,0.7136752136752137,0.7990430622009569,0.803746694363712,0.6432953549517967,0.558599695585997,0.7582644628099173,0.6315055933607606,0.58377239199157,0.7139175257731959,0.49376114081996436,0.7040177720955804,0.9705535924617197,0.9983844911147012,0.9442322383498855,0.9970578172440511,0.6794871794871795,0.5247524752475248,0.9636363636363636,0.9499783310611988
RF,0.7261542952418001,0.973735789886319,0.6642589215806703,0.707236389880112,0.7897714509901393,0.8105423987776929,0.8173554049276321,"{'n_estimators': [100], 'max_depth': [10]}","['mfcc_mean', 'spec_skew', 'mfcc_1', 'NDSI', 'wav_detail_lvl3_std']",0.7289719626168224,0.7123287671232876,0.7464114832535885,0.7829701493404895,0.6718480138169257,0.5771513353115727,0.8037190082644629,0.6646028376159854,0.6021276595744681,0.7467018469656992,0.5044563279857398,0.7067025311686668,0.973735789886319,1.0,0.9488158899923606,0.9978576765162569,0.6540880503144654,0.5,0.9454545454545454,0.9346438299967619
RF,0.7261270852870927,0.9713613181639859,0.6648185270678695,0.702731696390374,0.7816275253032923,0.8055767761650114,0.8150830415710925,"{'n_estimators': [100], 'max_depth': [10]}","['mfcc_mean', 'wav_detail_lvl5_std', 'wav_approx_std', 'NDSI', 'spec_kurtosis', 'mfcc_var', 'wav_detail_lvl4_std']",0.7302325581395349,0.7104072398190046,0.7511961722488039,0.8085752020614123,0.6440071556350626,0.5678233438485805,0.743801652892562,0.6228223105471353,0.6139817629179332,0.7112676056338029,0.5401069518716578,0.6945256752826072,0.9713613181639859,0.9983870967741936,0.9457601222307105,0.9975457064764723,0.6710526315789473,0.5257731958762887,0.9272727272727272,0.9519463134878353
RF,0.7261055635561091,0.9711388455538221,0.6648472430566809,0.7089693093533519,0.78709418173533,0.8086325439266616,0.8155941406989047,"{'n_estimators': [100], 'max_depth': [10]}","['spec_skew', 'mfcc_1', 'NDSI', 'mfcc_var', 'wav_detail_lvl3_std']",0.7323943661971831,0.7188940092165899,0.7464114832535885,0.8188814561103561,0.6643598615916955,0.5714285714285714,0.7933884297520661,0.6326948525856699,0.6002143622722401,0.7526881720430108,0.49910873440285203,0.6941714464766159,0.9711388455538221,0.9920318725099602,0.9511077158135982,0.99809279943161,0.6624203821656051,0.5098039215686274,0.9454545454545454,0.9341301488902721
RF,0.7259519039335041,0.9697208022021234,0.6650096793663491,0.70307968025038,0.7820748516892622,0.7987012987012987,0.8110042264199919,"{'n_estimators': [100], 'max_depth': [10]}","['mfcc_mean', 'wav_detail_lvl5_std', 'wav_approx_std', 'spec_skew', 'mfcc_1', 'spec_kurtosis', 'mfcc_var', 'wav_detail_lvl4_std']",0.7410926365795725,0.7358490566037735,0.7464114832535885,0.7928332839291724,0.6325088339222615,0.5524691358024691,0.7396694214876033,0.623654934774129,0.5890688259109311,0.6814988290398126,0.5187165775401069,0.6809551405748381,0.9697208022021234,0.9991896272285251,0.9419404125286478,0.9971062711094465,0.6973684210526315,0.5463917525773195,0.9636363636363636,0.9604715017123739
RF,0.725846408839909,0.9717425431711146,0.6643723752571076,0.7008719571970575,0.778868098783663,0.8071046600458365,0.7967913552843419,"{'n_estimators': [100], 'max_depth': [10]}","['mfcc_mean', 'wav_detail_lvl5_std', 'wav_approx_std', 'spec_skew', 'NDSI', 'wav_detail_lvl4_std']",0.676056338028169,0.663594470046083,0.6889952153110048,0.7245301509984561,0.6636446056210336,0.5912762520193862,0.756198347107438,0.6253795892128647,0.6198019801980198,0.6971046770601337,0.5579322638146168,0.6830711605423136,0.9717425431711146,0.9991928974979822,0.9457601222307105,0.996496715735491,0.697986577181208,0.5531914893617021,0.9454545454545454,0.9544791599325839
RF,0.7258146975342508,0.973735789886319,0.6638344244462336,0.7030067158147981,0.788230627614247,0.8093964858670741,0.8178720480278393,"{'n_estimators': [100], 'max_depth': [10]}","['wav_approx_std', 'mfcc_1', 'NDSI', 'spec_kurtosis', 'wav_detail_lvl3_std', 'wav_detail_lvl4_std']",0.7397260273972602,0.7074235807860262,0.7751196172248804,0.8217024569093349,0.6619593998234775,0.5778120184899846,0.7747933884297521,0.6432261264002598,0.6039707419017764,0.7297979797979798,0.5151515151515151,0.690338185739632,0.973735789886319,1.0,0.9488158899923606,0.9976874892102663,0.6496815286624203,0.5,0.9272727272727272,0.936405981879703
RF,0.7256606636177635,0.9692913385826771,0.664752994876535,0.7036858228924721,0.7850732689770122,0.8051948051948052,0.8032397586865372,"{'n_estimators': [100], 'max_depth': [10]}","['mfcc_mean', 'NDSI', 'spec_kurtosis', 'wav_detail_lvl3_std']",0.6816143497757847,0.6413502109704642,0.7272727272727273,0.756566680228909,0.6833046471600689,0.5855457227138643,0.8202479338842975,0.6546987299051203,0.5866099893730075,0.7263157894736842,0.4919786096256685,0.6752962183753284,0.9692913385826771,1.0,0.9404125286478228,0.9964113309651957,0.7074829931972789,0.5652173913043478,0.9454545454545454,0.9332258339581324
RF,0.7256442523720454,0.9645110410094637,0.6659275552126909,0.6999925905741363,0.7901977110983585,0.7967914438502673,0.8076937042142422,"{'n_estimators': [100], 'max_depth': [10]}","['mfcc_mean', 'mfcc_1', 'wav_detail_lvl3_std']",0.7631578947368421,0.7044534412955465,0.8325358851674641,0.7902967439177102,0.6352530541012217,0.5498489425981873,0.7520661157024794,0.6057144477037961,0.5765575501583949,0.7072538860103627,0.48663101604278075,0.7141981843396028,0.9645110410094637,0.9967400162999185,0.9343009931245225,0.9949891998470555,0.6887417218543046,0.5416666666666666,0.9454545454545454,0.9332699452630465
RF,0.7256436319581471,0.9709576138147566,0.6643151364939947,0.6959309083140237,0.7914105146190707,0.8040488922841864,0.7980211912458335,"{'n_estimators': [100], 'max_depth': [10]}","['mfcc_mean', 'wav_detail_lvl5_std', 'wav_approx_std', 'mfcc_var', 'wav_detail_lvl3_std', 'wav_detail_lvl4_std']",0.7245762711864406,0.6501901140684411,0.8181818181818182,0.7621329759725513,0.6373626373626373,0.5723684210526315,0.71900826446281,0.5944461949367162,0.6111111111111112,0.7226277372262774,0.5294117647058824,0.6956072029895075,0.9709576138147566,0.9983857949959645,0.944996180290298,0.9966284321048148,0.6842105263157895,0.5360824742268041,0.9454545454545454,0.9412911502255779
RF,0.7255490334149151,0.9705304518664047,0.6643036788020427,0.699938468663319,0.7836302472272074,0.8090145148968678,0.8117782039238268,"{'n_estimators': [100], 'max_depth': [10]}","['mfcc_mean', 'wav_detail_lvl5_std', 'wav_approx_std', 'spec_skew', 'NDSI', 'spec_kurtosis', 'wav_detail_lvl3_std', 'wav_detail_lvl4_std']",0.6821345707656613,0.6621621621621622,0.7033492822966507,0.7865958437811855,0.6768676867686768,0.5996810207336523,0.7768595041322314,0.6463263111897875,0.6184738955823293,0.7080459770114943,0.5490196078431373,0.6861132594149892,0.9705304518664047,0.9991909385113269,0.9434682964094728,0.9966685324854971,0.6797385620915033,0.5306122448979592,0.9454545454545454,0.9431870727476744
RF,0.7255310744943888,0.968958742632613,0.6646741574598327,0.7002383001475561,0.7871981363228198,0.8021390374331551,0.8192613466258821,"{'n_estimators': [100], 'max_depth': [10]}","['wav_detail_lvl5_std', 'wav_approx_std', 'spec_skew', 'mfcc_1', 'spec_kurtosis', 'mfcc_var', 'wav_detail_lvl3_std', 'wav_detail_lvl4_std']",0.7361111111111112,0.7130044843049327,0.7607655502392344,0.8398158118707639,0.6422836752899197,0.565149136577708,0.743801652892562,0.622160181552667,0.6008146639511202,0.7007125890736342,0.5258467023172906,0.6872934025820291,0.968958742632613,0.9975728155339806,0.9419404125286478,0.9971280483617645,0.6794871794871795,0.5247524752475248,0.9636363636363636,0.9499092887621865
RF,0.725509413478618,0.969315499606609,0.6645578919466204,0.7036341551636768,0.786110158722036,0.8029029793735676,0.8184051894247254,"{'n_estimators': [100], 'max_depth': [10]}","['mfcc_mean', 'wav_detail_lvl5_std', 'wav_approx_std', 'spec_skew', 'mfcc_1', 'NDSI', 'spec_kurtosis', 'mfcc_var', 'wav_detail_lvl4_std']",0.7276995305164319,0.7142857142857143,0.7416267942583732,0.8180388892679151,0.642169728783902,0.5569044006069803,0.7582644628099173,0.6267860751541774,0.608875128998968,0.7230392156862745,0.5258467023172906,0.6921040675631378,0.969315499606609,0.9991889699918897,0.9411764705882353,0.9975818631943149,0.6794871794871795,0.5247524752475248,0.9636363636363636,0.9575150519440818
RF,0.7251963871420908,0.9717425431711146,0.6635598481348348,0.7001994731049266,0.7857038926923531,0.8086325439266616,0.8121719982451211,"{'n_estimators': [100], 'max_depth': [10]}","['mfcc_mean', 'wav_detail_lvl5_std', 'wav_approx_std', 'spec_skew', 'NDSI', 'mfcc_var', 'wav_detail_lvl3_std', 'wav_detail_lvl4_std']",0.7198177676537585,0.6869565217391305,0.7559808612440191,0.7937811307581197,0.6642793196060878,0.5860979462875198,0.7665289256198347,0.6328386908915613,0.6120777891504606,0.71875,0.5329768270944741,0.697231375072675,0.9717425431711146,0.9991928974979822,0.9457601222307105,0.9970537241214386,0.6580645161290323,0.51,0.9272727272727272,0.9399550703818105
RF,0.7251302728215043,0.9741581832419733,0.662873295216387,0.7059779261242936,0.7854052608429192,0.8090145148968678,0.8160835315373337,"{'n_estimators': [100], 'max_depth': [10]}","['mfcc_mean', 'wav_approx_std', 'mfcc_1', 'NDSI', 'spec_kurtosis', 'mfcc_var', 'wav_detail_lvl3_std', 'wav_detail_lvl4_std']",0.7400468384074942,0.7247706422018348,0.7559808612440191,0.8240627231441376,0.662608695652174,0.5720720720720721,0.7871900826446281,0.6145023377612796,0.5991561181434599,0.7338501291989664,0.5062388591800356,0.7105437288494645,0.9741581832419733,0.9991967871485944,0.9503437738731857,0.9981616403189554,0.6496815286624203,0.5,0.9272727272727272,0.9331472276128313
RF,0.7250442044496319,0.9701492537313433,0.663767942129204,0.7040158016649165,0.7799804079961692,0.7979373567608862,0.8121767970761635,"{'n_estimators': [100], 'max_depth': [10]}","['mfcc_mean', 'wav_detail_lvl5_std', 'wav_approx_std', 'spec_skew', 'mfcc_1', 'spec_kurtosis', 'mfcc_var']",0.7368421052631579,0.7368421052631579,0.7368421052631579,0.8141118253004014,0.6334208223972003,0.5493171471927162,0.7479338842975206,0.6220095725152142,0.5828220858895705,0.6834532374100719,0.5080213903743316,0.6721550497490778,0.9701492537313433,0.9983831851253031,0.9434682964094728,0.996721122599113,0.7019867549668874,0.5520833333333334,0.9636363636363636,0.9558864152170107
RF,0.7250418653532261,0.9729941291585127,0.6630537994019043,0.7028161638347379,0.7837809034009429,0.8067226890756303,0.8180793216594406,"{'n_estimators': [100], 'max_depth': [10]}","['mfcc_mean', 'wav_detail_lvl5_std', 'mfcc_1', 'NDSI', 'spec_kurtosis', 'wav_detail_lvl4_std']",0.7162790697674418,0.6968325791855203,0.7368421052631579,0.814201960278935,0.6560565870910698,0.5734157650695518,0.7665289256198347,0.6304978541537454,0.6045548654244306,0.7209876543209877,0.5204991087344029,0.695290934857546,0.9729941291585127,0.9975922953451043,0.9495798319327731,0.9979392157791505,0.6753246753246753,0.5252525252525253,0.9454545454545454,0.9524666432278264
RF,0.7250351697778177,0.9705304518664047,0.6636613492556709,0.7089740544028865,0.7847640735284979,0.8086325439266616,0.8168292064282354,"{'n_estimators': [100], 'max_depth': [10]}","['mfcc_mean', 'wav_detail_lvl5_std', 'wav_approx_std', 'spec_skew', 'mfcc_1', 'NDSI', 'spec_kurtosis', 'mfcc_var', 'wav_detail_lvl3_std']",0.7315914489311164,0.7264150943396226,0.7368421052631579,0.8225369085486788,0.660958904109589,0.564327485380117,0.7975206611570248,0.6250292303219616,0.6165254237288136,0.7597911227154047,0.5187165775401069,0.6963778562725265,0.9705304518664047,0.9991909385113269,0.9434682964094728,0.9971814674371755,0.6455696202531646,0.49514563106796117,0.9272727272727272,0.9430205695608349
RF,0.7249563048907738,0.9725274725274725,0.663063512981599,0.7070487864949003,0.7868417641088624,0.8113063407181055,0.8068981936262609,"{'n_estimators': [100], 'max_depth': [10]}","['mfcc_mean', 'wav_approx_std', 'spec_skew', 'NDSI', 'mfcc_var', 'wav_detail_lvl3_std']",0.719626168224299,0.7031963470319634,0.7368421052631579,0.7826977826818177,0.6764199655765921,0.5796460176991151,0.8119834710743802,0.6229708840620901,0.6106382978723405,0.7572559366754618,0.5115864527629234,0.703022078036604,0.9725274725274725,1.0,0.946524064171123,0.9973866304160374,0.6455696202531646,0.49514563106796117,0.9272727272727272,0.9284135929347558
RF,0.7246643026514816,0.9697445972495088,0.6633942290019748,0.7000227424476219,0.786565843388247,0.80061115355233,0.8075312753040368,"{'n_estimators': [100], 'max_depth': [10]}","['mfcc_mean', 'wav_detail_lvl5_std', 'mfcc_1', 'spec_kurtosis', 'wav_detail_lvl3_std']",0.7289293849658315,0.6956521739130435,0.7655502392344498,0.7988377139960446,0.6455584872471416,0.5620214395099541,0.7582644628099173,0.608265699561586,0.5862785862785863,0.7032418952618454,0.5026737967914439,0.677343567950228,0.9697445972495088,0.9983818770226537,0.9427043544690603,0.9965975068792388,0.6928104575163399,0.5408163265306123,0.9636363636363636,0.9566118881330871
RF,0.724623959420488,0.9705535924617197,0.6631415511601801,0.7016616126014521,0.7906433073446865,0.8021390374331551,0.8165356114805237,"{'n_estimators': [100], 'max_depth': [10]}","['mfcc_mean', 'wav_detail_lvl5_std', 'mfcc_1', 'spec_kurtosis', 'mfcc_var', 'wav_detail_lvl3_std', 'wav_detail_lvl4_std']",0.7517084282460137,0.717391304347826,0.7894736842105263,0.8214393162193249,0.6422338568935427,0.5558912386706949,0.7603305785123967,0.6070162829874378,0.587737843551797,0.7220779220779221,0.49554367201426025,0.7055199002963868,0.9705535924617197,0.9983844911147012,0.9442322383498855,0.9970600945471664,0.6708860759493671,0.5145631067961165,0.9636363636363636,0.9516424633523022
RF,0.724574628722939,0.9650843468026677,0.6644471992030069,0.704443173050858,0.7904621909659906,0.8013750954927426,0.8239930210850176,"{'n_estimators': [100], 'max_depth': [10]}","['wav_detail_lvl5_std', 'spec_skew', 'mfcc_1', 'spec_kurtosis', 'mfcc_var', 'wav_detail_lvl3_std']",0.7528868360277137,0.7276785714285714,0.7799043062200957,0.8587262313244544,0.65,0.5576923076923077,0.7789256198347108,0.6228371844737979,0.5882352941176471,0.7352941176470589,0.49019607843137253,0.6857868015143681,0.9650843468026677,0.9919354838709677,0.9396485867074102,0.9961540488282354,0.6666666666666666,0.5096153846153846,0.9636363636363636,0.9564608392842322
RF,0.724547060065142,0.968958742632613,0.6634441394232743,0.7042614243023007,0.7822021875300795,0.8029029793735676,0.8186178130217554,"{'n_estimators': [100], 'max_depth': [10]}","['wav_detail_lvl5_std', 'wav_approx_std', 'NDSI', 'spec_kurtosis', 'mfcc_var']",0.7310344827586207,0.7035398230088495,0.7607655502392344,0.8250784559345816,0.6493506493506493,0.5588673621460507,0.7747933884297521,0.634974043587496,0.5978947368421053,0.7300771208226221,0.5062388591800356,0.6842928224531909,0.968958742632613,0.9975728155339806,0.9419404125286478,0.9967663370425159,0.6754966887417219,0.53125,0.9272727272727272,0.9519774060909919
RF,0.7245170099615296,0.9709347996857817,0.6629125625304665,0.7033692632503221,0.7850823217499265,0.8071046600458365,0.8143216967179153,"{'n_estimators': [100], 'max_depth': [10]}","['mfcc_mean', 'wav_detail_lvl5_std', 'wav_approx_std', 'mfcc_1', 'NDSI', 'spec_kurtosis', 'wav_detail_lvl3_std']",0.7314814814814815,0.7085201793721974,0.7559808612440191,0.8078597417322351,0.6602620087336245,0.5718608169440242,0.78099173553719,0.6308014115247684,0.6060606060606061,0.7323232323232324,0.5169340463458111,0.6941351526298518,0.9709347996857817,0.9991915925626516,0.9442322383498855,0.9965382582979839,0.6538461538461539,0.504950495049505,0.9272727272727272,0.9422739194047377
RF,0.7243251999053646,0.9707374170893485,0.6627221456093686,0.7038167180507285,0.7838808128732137,0.8097784568372803,0.8179547953413028,"{'n_estimators': [100], 'max_depth': [10]}","['mfcc_mean', 'spec_skew', 'mfcc_1', 'NDSI', 'spec_kurtosis', 'wav_detail_lvl3_std', 'wav_detail_lvl4_std']",0.7078384798099763,0.7028301886792453,0.7129186602870813,0.8074113316247759,0.6719858156028369,0.5885093167701864,0.7830578512396694,0.6429970289804728,0.6128364389233955,0.7308641975308642,0.5276292335115864,0.705636405584096,0.9707374170893485,0.9920255183413078,0.9503437738731857,0.9975893568479414,0.6582278481012658,0.5048543689320388,0.9454545454545454,0.9361398536692277
RF,0.7243080284735912,0.9706457925636007,0.6627235874510888,0.7030834104117332,0.7879775885995982,0.8071046600458365,0.8276330864390333,"{'n_estimators': [100], 'max_depth': [10]}","['wav_detail_lvl5_std', 'spec_skew', 'NDSI', 'mfcc_var', 'wav_detail_lvl3_std', 'wav_detail_lvl4_std']",0.7395348837209302,0.7194570135746606,0.7607655502392344,0.8191033163579159,0.6590509666080844,0.573394495412844,0.7747933884297521,0.6782619462292867,0.602308499475341,0.7321428571428571,0.5115864527629234,0.7003281778527023,0.9706457925636007,0.9951845906902087,0.9472880061115355,0.9974197594375839,0.65,0.49523809523809526,0.9454545454545454,0.9430522323176782
RF,0.7242666665561937,0.9697208022021234,0.6629031326447112,0.6964435063271693,0.7856028135482118,0.7998472116119175,0.80915781342685,"{'n_estimators': [100], 'max_depth': [10]}","['mfcc_mean', 'wav_detail_lvl5_std', 'wav_approx_std', 'spec_kurtosis', 'mfcc_var', 'wav_detail_lvl3_std', 'wav_detail_lvl4_std']",0.7158836689038032,0.6722689075630253,0.7655502392344498,0.8074060289449594,0.6439461883408072,0.5689381933438986,0.7417355371900827,0.6076562427502075,0.5897959183673469,0.6897374701670644,0.5151515151515151,0.6829995187658139,0.9697208022021234,0.9991896272285251,0.9419404125286478,0.9970456577968515,0.7019867549668874,0.5520833333333334,0.9636363636363636,0.9506816188764179
RF,0.7241554010973881,0.9741581832419733,0.6616547055612417,0.7013100428977233,0.790180226940711,0.8082505729564553,0.8081256847549927,"{'n_estimators': [100], 'max_depth': [10]}","['mfcc_mean', 'wav_detail_lvl5_std', 'mfcc_1', 'NDSI', 'mfcc_var', 'wav_detail_lvl3_std', 'wav_detail_lvl4_std']",0.7358916478555305,0.6965811965811965,0.7799043062200957,0.7871426021633794,0.6495575221238938,0.5681114551083591,0.7582644628099173,0.6086280062545953,0.6111696522655427,0.7474226804123711,0.5169340463458111,0.7103579818642352,0.9741581832419733,0.9991967871485944,0.9503437738731857,0.9977407250481041,0.65,0.49523809523809526,0.9454545454545454,0.9367591084446499
RF,0.7241527105931391,0.9693396226415094,0.6628559825810465,0.6995080432784971,0.7755727919702026,0.8048128342245989,0.8029303109152034,"{'n_estimators': [100], 'max_depth': [10]}","['mfcc_mean', 'wav_detail_lvl5_std', 'wav_approx_std', 'spec_skew', 'NDSI', 'spec_kurtosis', 'wav_detail_lvl4_std']",0.6666666666666666,0.6635071090047393,0.6698564593301436,0.7583542569614772,0.6702898550724637,0.5967741935483871,0.7644628099173554,0.6520217353230768,0.611764705882353,0.6797385620915033,0.5561497326203209,0.6665237805702751,0.9693396226415094,0.9983805668016195,0.9419404125286478,0.9963880054388752,0.7027027027027027,0.5591397849462365,0.9454545454545454,0.9413637762823124
RF,0.7241219688538504,0.9705535924617197,0.662514062951883,0.6979780441196068,0.7854816428528786,0.8032849503437739,0.8173682878910723,"{'n_estimators': [100], 'max_depth': [10]}","['mfcc_mean', 'wav_detail_lvl5_std', 'spec_kurtosis', 'mfcc_var', 'wav_detail_lvl3_std', 'wav_detail_lvl4_std']",0.7142857142857143,0.6888888888888889,0.7416267942583732,0.8213753781662774,0.6529147982062781,0.5768621236133122,0.7520661157024794,0.6266501555981088,0.5989847715736041,0.6957547169811321,0.5258467023172906,0.6930096661167063,0.9705535924617197,0.9983844911147012,0.9442322383498855,0.9967200590108782,0.6838709677419355,0.53,0.9636363636363636,0.9490861805633904
RF,0.7240764409133824,0.970125786163522,0.6625641046008476,0.7000485162234247,0.7889658638575048,0.8021390374331551,0.8104245622133812,"{'n_estimators': [100], 'max_depth': [10]}","['mfcc_mean', 'wav_detail_lvl5_std', 'wav_approx_std', 'spec_skew', 'mfcc_1', 'mfcc_var', 'wav_detail_lvl3_std', 'wav_detail_lvl4_std']",0.7346938775510204,0.6982758620689655,0.7751196172248804,0.794003763283794,0.6385224274406333,0.555895865237366,0.75,0.6171248472493944,0.6018808777429467,0.7272727272727273,0.5133689839572193,0.697997766192779,0.970125786163522,0.9991902834008097,0.9427043544690603,0.9968961155133881,0.6751592356687898,0.5196078431372549,0.9636363636363636,0.9461003188275499
RF,0.723996832436433,0.9705072748721982,0.6623692218274917,0.6994737298899175,0.7823832064361194,0.8025210084033614,0.8076458634136715,"{'n_estimators': [100], 'max_depth': [10]}","['mfcc_mean', 'wav_detail_lvl5_std', 'wav_approx_std', 'mfcc_1', 'spec_kurtosis', 'wav_detail_lvl3_std']",0.7090909090909091,0.6753246753246753,0.7464114832535885,0.8008873788349529,0.642413487133984,0.5629860031104199,0.7479338842975206,0.60070016247353,0.6092307692307692,0.717391304347826,0.5294117647058824,0.6923379028645832,0.9705072748721982,1.0,0.9427043544690603,0.9966446480717385,0.6887417218543046,0.5416666666666666,0.9454545454545454,0.9476592248235537
RF,0.7239903920021025,0.9681227863046045,0.662957293426477,0.6968341072509355,0.7790066561639879,0.7956455309396486,0.8048223049152636,"{'n_estimators': [100], 'max_depth': [10]}","['wav_detail_lvl5_std', 'wav_approx_std', 'spec_skew', 'spec_kurtosis', 'mfcc_var', 'wav_detail_lvl4_std']",0.7126436781609196,0.6858407079646017,0.7416267942583732,0.7928257137300525,0.6378378378378379,0.5654952076677316,0.731404958677686,0.6267584721592306,0.580259222333001,0.6583710407239819,0.5187165775401069,0.6545676646438378,0.9681227863046045,0.9983766233766234,0.9396485867074102,0.9964320778752771,0.7210884353741497,0.5760869565217391,0.9636363636363636,0.95352759616792
RF,0.7238571415758287,0.9741379310344828,0.6612869442111652,0.7028652879083295,0.7843863669869863,0.8074866310160428,0.8118458053716822,"{'n_estimators': [100], 'max_depth': [10]}","['mfcc_mean', 'wav_approx_std', 'spec_skew', 'mfcc_1', 'NDSI', 'mfcc_var', 'wav_detail_lvl3_std', 'wav_detail_lvl4_std']",0.7395348837209302,0.7194570135746606,0.7607655502392344,0.8049461148302981,0.656140350877193,0.5701219512195121,0.7727272727272727,0.6202481121672612,0.599791013584117,0.7247474747474747,0.5115864527629234,0.6983275829452359,0.9741379310344828,1.0,0.9495798319327731,0.9980656363209065,0.6496815286624203,0.5,0.9272727272727272,0.9376415805947091
RF,0.7238355556231191,0.9753617520531873,0.6609540065156021,0.7025585106793568,0.7740046762506656,0.813598166539343,0.8043672312941903,"{'n_estimators': [100], 'max_depth': [10]}","['mfcc_mean', 'wav_approx_std', 'NDSI', 'spec_kurtosis', 'wav_detail_lvl4_std']",0.6519607843137255,0.6683417085427136,0.6363636363636364,0.7520675328132758,0.6884057971014492,0.6129032258064516,0.7851239669421488,0.6413722135992538,0.6279527559055118,0.701098901098901,0.5686274509803921,0.6896892096119518,0.9753617520531873,0.999198717948718,0.9526355996944232,0.9974660032585313,0.6754966887417219,0.53125,0.9272727272727272,0.941241197187939
RF,0.7237262791101065,0.9686274509803922,0.6625009861425349,0.7060498564730305,0.7784561306036115,0.8055767761650114,0.8229643203030461,"{'n_estimators': [100], 'max_depth': [10]}","['mfcc_mean', 'wav_detail_lvl5_std', 'spec_skew', 'NDSI', 'spec_kurtosis', 'mfcc_var']",0.7180722891566265,0.7233009708737864,0.7129186602870813,0.8245350163806721,0.6573913043478261,0.5675675675675675,0.78099173553719,0.6473094433340223,0.6122026887280249,0.729064039408867,0.5276292335115864,0.6920576842298496,0.9686274509803922,0.9951651893634166,0.9434682964094728,0.9972618187867827,0.6623376623376623,0.5151515151515151,0.9272727272727272,0.9536576387839041
RF,0.7236080632236382,0.9713613181639859,0.6616697494885514,0.7030694684915687,0.7839780783996939,0.8067226890756303,0.8186816990932504,"{'n_estimators': [100], 'max_depth': [10]}","['wav_detail_lvl5_std', 'wav_approx_std', 'spec_skew', 'mfcc_1', 'NDSI', 'mfcc_var', 'wav_detail_lvl3_std']",0.7331786542923434,0.7117117117117117,0.7559808612440191,0.8200827504909611,0.6514886164623468,0.5653495440729484,0.768595041322314,0.6399952892853265,0.6123301985370951,0.73989898989899,0.5222816399286988,0.6945756007508936,0.9713613181639859,0.9983870967741936,0.9457601222307105,0.9975739615517426,0.6496815286624203,0.5,0.9272727272727272,0.9411808933873286
RF,0.7235572587226683,0.9762368523568368,0.6603873603141261,0.7026108518930114,0.7903220496550076,0.8109243697478992,0.8194224965024558,"{'n_estimators': [100], 'max_depth': [10]}","['spec_skew', 'mfcc_1', 'NDSI', 'wav_detail_lvl3_std', 'wav_detail_lvl4_std']",0.7318181818181818,0.696969696969697,0.7703349282296651,0.8184153674863541,0.66784140969163,0.5821812596006144,0.7830578512396694,0.6602871264291817,0.5959271168274384,0.7473118279569892,0.49554367201426025,0.6870243918399008,0.9762368523568368,0.9960254372019078,0.9572192513368984,0.9983564484593223,0.6459627329192547,0.49056603773584906,0.9454545454545454,0.9330291482975202
RF,0.7235252285900048,0.9701492537313433,0.6618692223046702,0.7040294018369477,0.7876298548997676,0.8090145148968678,0.8178702606640711,"{'n_estimators': [100], 'max_depth': [10]}","['mfcc_mean', 'wav_detail_lvl5_std', 'mfcc_1', 'NDSI', 'spec_kurtosis', 'wav_detail_lvl3_std']",0.7149532710280374,0.6986301369863014,0.7320574162679426,0.8104610482623513,0.6655082536924414,0.5742128935532234,0.7913223140495868,0.6328016745140523,0.6210526315789474,0.7583547557840618,0.5258467023172906,0.7012330073725139,0.9701492537313433,0.9983831851253031,0.9434682964094728,0.9975460669034419,0.6459627329192547,0.49056603773584906,0.9454545454545454,0.947309506267996
RF,0.7234832347450333,0.9729305610043154,0.6611214031802128,0.7016458477761323,0.784699863416441,0.8113063407181055,0.8080702960558874,"{'n_estimators': [100], 'max_depth': [10]}","['mfcc_mean', 'wav_approx_std', 'spec_skew', 'mfcc_1', 'NDSI', 'wav_detail_lvl3_std', 'wav_detail_lvl4_std']",0.7037037037037037,0.6816143497757847,0.7272727272727273,0.7822037716084439,0.6713780918727915,0.5864197530864198,0.7851239669421488,0.6260813409593569,0.6238341968911917,0.745049504950495,0.5365418894830659,0.7011548419283573,0.9729305610043154,1.0,0.9472880061115355,0.9977852175250397,0.6455696202531646,0.49514563106796117,0.9272727272727272,0.9331263082582397
RF,0.7234647264899375,0.970125786163522,0.6617994615715415,0.6992149586379697,0.7786288887020663,0.8017570664629489,0.8093724356125251,"{'n_estimators': [100], 'max_depth': [10]}","['mfcc_mean', 'wav_detail_lvl5_std', 'wav_approx_std', 'spec_skew', 'mfcc_1', 'spec_kurtosis', 'wav_detail_lvl4_std']",0.6904761904761905,0.6872037914691943,0.69377990430622,0.7956509207460681,0.6565295169946332,0.5788643533123028,0.7582644628099173,0.6180658655043725,0.5982053838484547,0.6787330316742082,0.5347593582887701,0.6738497793624505,0.970125786163522,0.9991902834008097,0.9427043544690603,0.9968328814762479,0.7019867549668874,0.5520833333333334,0.9636363636363636,0.9624627309734863
RF,0.7234198763834577,0.9755149630781189,0.6603961047097924,0.7023659982145474,0.7882032987183564,0.8109243697478992,0.8271088323739113,"{'n_estimators': [100], 'max_depth': [10]}","['mfcc_1', 'NDSI', 'spec_kurtosis', 'mfcc_var', 'wav_detail_lvl3_std', 'wav_detail_lvl4_std']",0.7327188940092166,0.7066666666666667,0.7607655502392344,0.8477233825546774,0.6601248884924175,0.5808477237048666,0.7644628099173554,0.6506396931396667,0.6067653276955602,0.7454545454545455,0.5115864527629234,0.7111278319104758,0.9755149630781189,0.992879746835443,0.9587471352177235,0.9982309707296915,0.6419753086419753,0.48598130841121495,0.9454545454545454,0.927822283535045
RF,0.7234004439914191,0.9687255668491008,0.6620691632769987,0.7023113054522662,0.7827347781217749,0.8032849503437739,0.8181480901988823,"{'n_estimators': [100], 'max_depth': [10]}","['mfcc_mean', 'wav_detail_lvl5_std', 'spec_skew', 'mfcc_1', 'NDSI', 'spec_kurtosis', 'mfcc_var', 'wav_detail_lvl4_std']",0.7388235294117647,0.7268518518518519,0.7511961722488039,0.8187897715692155,0.6424778761061947,0.5619195046439629,0.75,0.6330160126062808,0.6045548654244306,0.7209876543209877,0.5204991087344029,0.6865215511110497,0.9687255668491008,0.9919935948759008,0.946524064171123,0.9978565778568346,0.6624203821656051,0.5098039215686274,0.9454545454545454,0.9545565378510318
RF,0.7233945021991145,0.9713388299960738,0.6614084202498747,0.7031148082439443,0.7832756904414658,0.806340718105424,0.8201434354539705,"{'n_estimators': [100], 'max_depth': [10]}","['mfcc_mean', 'wav_detail_lvl5_std', 'wav_approx_std', 'spec_skew', 'mfcc_1', 'NDSI', 'spec_kurtosis', 'mfcc_var', 'wav_detail_lvl3_std', 'wav_detail_lvl4_std']",0.7290167865707434,0.7307692307692307,0.7272727272727273,0.8322768122189695,0.6490299823633157,0.5661538461538461,0.7603305785123967,0.6288107540287624,0.6175869120654397,0.7242206235011991,0.5383244206773619,0.6982837990004445,0.9713388299960738,0.9991922455573505,0.944996180290298,0.9974838581637081,0.65,0.49523809523809526,0.9454545454545454,0.9438619538579684
RF,0.7233558231630001,0.9685781618224666,0.6620502384981335,0.699389873262036,0.7832795527954548,0.8013750954927426,0.8153794606105531,"{'n_estimators': [100], 'max_depth': [10]}","['mfcc_mean', 'wav_detail_lvl5_std', 'spec_skew', 'spec_kurtosis', 'mfcc_var', 'wav_detail_lvl3_std']",0.7183098591549296,0.7050691244239631,0.7320574162679426,0.8215461710152896,0.650709219858156,0.5698757763975155,0.7582644628099173,0.6210587827586603,0.5953109072375128,0.6952380952380952,0.5204991087344029,0.676052996355046,0.9685781618224666,0.9967663702506063,0.9419404125286478,0.9966760318168415,0.6838709677419355,0.53,0.9636363636363636,0.9615633211069288
RF,0.7232816013243295,0.9731203739774056,0.6608219081610605,0.7026665016821473,0.7870823022553954,0.8093964858670741,0.8237930206741199,"{'n_estimators': [100], 'max_depth': [10]}","['spec_skew', 'NDSI', 'mfcc_var', 'wav_detail_lvl3_std', 'wav_detail_lvl4_std']",0.7302325581395349,0.7104072398190046,0.7511961722488039,0.8198010982334044,0.6637168141592921,0.5804953560371517,0.7747933884297521,0.6599513169967512,0.6033755274261603,0.7390180878552972,0.5098039215686274,0.7090710779111231,0.9731203739774056,0.9928457869634341,0.9541634835752483,0.9979520671629067,0.6459627329192547,0.49056603773584906,0.9454545454545454,0.9321895430664144
RF,0.7232692348350395,0.9719188767550702,0.6611068243550319,0.7051955503589986,0.7806951018772015,0.806340718105424,0.8173644418714163,"{'n_estimators': [100], 'max_depth': [10]}","['mfcc_mean', 'spec_skew', 'mfcc_1', 'NDSI', 'spec_kurtosis', 'mfcc_var', 'wav_detail_lvl3_std', 'wav_detail_lvl4_std']",0.7194244604316546,0.7211538461538461,0.7177033492822966,0.8080251071196816,0.657917760279965,0.5705614567526556,0.7768595041322314,0.644179540824295,0.600418410041841,0.7265822784810126,0.5115864527629234,0.7050750869446866,0.9719188767550702,0.9928286852589642,0.9518716577540107,0.9978381261124579,0.6666666666666666,0.5148514851485149,0.9454545454545454,0.9317043483559607
RF,0.7232378183686198,0.96398891966759,0.6630500430438773,0.7015262499063057,0.7734165749814498,0.7941176470588235,0.797081295886863,"{'n_estimators': [100], 'max_depth': [10]}","['mfcc_mean', 'wav_approx_std', 'spec_skew', 'NDSI', 'spec_kurtosis']",0.6821345707656613,0.6621621621621622,0.7033492822966507,0.7392986567202772,0.6546080964685616,0.5612998522895125,0.7851239669421488,0.6697345425489328,0.5778688524590164,0.6795180722891566,0.5026737967914439,0.6611326809249078,0.96398891966759,1.0,0.93048128342246,0.9956857506718487,0.7375886524822695,0.6046511627906976,0.9454545454545454,0.9195548485683487
RF,0.7231861615139288,0.9705304518664047,0.6613500889258099,0.6996493356937524,0.7877953147331137,0.8071046600458365,0.8150060181465151,"{'n_estimators': [100], 'max_depth': [10]}","['mfcc_mean', 'wav_detail_lvl5_std', 'wav_approx_std', 'spec_skew', 'NDSI', 'mfcc_var', 'wav_detail_lvl3_std']",0.7120181405895691,0.6767241379310345,0.7511961722488039,0.8033097321130185,0.6613756613756614,0.5769230769230769,0.7747933884297521,0.6341798865934556,0.6137787056367432,0.7405541561712846,0.5240641711229946,0.6985620352603638,0.9705304518664047,0.9991909385113269,0.9434682964094728,0.9971913951630637,0.6582278481012658,0.5048543689320388,0.9454545454545454,0.9417870416026742
RF,0.7231002406573949,0.9652722967640095,0.6625572266307412,0.6995060204938489,0.7732998271078766,0.7983193277310925,0.7953169893225952,"{'n_estimators': [100], 'max_depth': [10]}","['mfcc_mean', 'spec_skew', 'NDSI', 'spec_kurtosis']",0.6851851851851852,0.6636771300448431,0.7081339712918661,0.727742877781662,0.6596119929453262,0.5753846153846154,0.7727272727272727,0.6644448555663804,0.5921450151057401,0.6805555555555556,0.5240641711229946,0.6744552611852003,0.9652722967640095,0.9983673469387755,0.9343009931245225,0.9950745213467257,0.7132867132867133,0.5795454545454546,0.9272727272727272,0.9148674307330075
RF,0.7230438001769749,0.9713613181639859,0.6609644206802222,0.7023944057323755,0.7820212173603673,0.8032849503437739,0.8137351043159405,"{'n_estimators': [100], 'max_depth': [10]}","['mfcc_mean', 'wav_detail_lvl5_std', 'wav_approx_std', 'mfcc_1', 'NDSI', 'spec_kurtosis', 'mfcc_var', 'wav_detail_lvl4_std']",0.7259953161592506,0.7110091743119266,0.7416267942583732,0.8139260408809135,0.6433566433566433,0.5575757575757576,0.7603305785123967,0.6128669833400806,0.603537981269511,0.725,0.5169340463458111,0.6941409055723053,0.9713613181639859,0.9983870967741936,0.9457601222307105,0.9979716058987915,0.6709677419354839,0.52,0.9454545454545454,0.949769985887612
RF,0.7230275740284721,0.973735789886319,0.6603505200640103,0.7018942298946531,0.7893786118188031,0.812070282658518,0.8070892265454489,"{'n_estimators': [100], 'max_depth': [10]}","['mfcc_mean', 'wav_approx_std', 'mfcc_1', 'NDSI', 'wav_detail_lvl3_std', 'wav_detail_lvl4_std']",0.7227272727272728,0.6883116883116883,0.7607655502392344,0.7861428742147231,0.6725197541703248,0.5847328244274809,0.7913223140495868,0.6127030461404549,0.6165254237288136,0.7597911227154047,0.5187165775401069,0.7143142693177944,0.973735789886319,1.0,0.9488158899923606,0.9977441014475755,0.6296296296296297,0.4766355140186916,0.9272727272727272,0.9245418416066971
RF,0.7228004397504814,0.9721459395841506,0.6604640647920639,0.6976239520791114,0.7889326134977697,0.8086325439266616,0.8111229021610402,"{'n_estimators': [100], 'max_depth': [10]}","['mfcc_mean', 'wav_detail_lvl5_std', 'wav_approx_std', 'NDSI', 'mfcc_var', 'wav_detail_lvl3_std', 'wav_detail_lvl4_std']",0.7321428571428571,0.6861924686192469,0.784688995215311,0.7859896410740731,0.6589077887197852,0.5813586097946287,0.7603305785123967,0.625300201607541,0.6133056133056133,0.7356608478802993,0.5258467023172906,0.7161690719886005,0.9721459395841506,0.9991935483870967,0.946524064171123,0.9974925253866594,0.6375,0.4857142857142857,0.9272727272727272,0.9306630707483271
RF,0.7226852417363847,0.974960876369327,0.659616333078149,0.7024470532004775,0.7808174056921595,0.8097784568372803,0.80585468028734,"{'n_estimators': [100], 'max_depth': [10]}","['mfcc_mean', 'mfcc_1', 'NDSI', 'wav_detail_lvl3_std', 'wav_detail_lvl4_std']",0.6882217090069284,0.6651785714285714,0.7129186602870813,0.785783117912969,0.6800348735832606,0.5882352941176471,0.8057851239669421,0.6115665121036239,0.5991561181434599,0.7338501291989664,0.5062388591800356,0.7162536265631613,0.974960876369327,0.9991980753809142,0.9518716577540107,0.9980200283292642,0.6710526315789473,0.5257731958762887,0.9272727272727272,0.9176501165276815
RF,0.7226161728059105,0.9681227863046045,0.6612395194312369,0.6982587075645668,0.7826668153124668,0.7948815889992361,0.8118579375866399,"{'n_estimators': [100], 'max_depth': [10]}","['wav_detail_lvl5_std', 'wav_approx_std', 'spec_skew', 'mfcc_1', 'spec_kurtosis', 'mfcc_var']",0.7448275862068966,0.7168141592920354,0.7751196172248804,0.8306776088546968,0.6263157894736842,0.5442073170731707,0.737603305785124,0.6050158155320784,0.5764462809917356,0.6855036855036855,0.49732620320855614,0.6687753470990544,0.9681227863046045,0.9983766233766234,0.9396485867074102,0.9967099013419881,0.6973684210526315,0.5463917525773195,0.9636363636363636,0.9581110151053818
RF,0.7225745752304393,0.9711388455538221,0.6604335076495936,0.7076588981688237,0.7836788007939147,0.8082505729564553,0.8156846013657839,"{'n_estimators': [100], 'max_depth': [10]}","['mfcc_1', 'NDSI', 'spec_kurtosis', 'mfcc_var', 'wav_detail_lvl3_std']",0.7259615384615384,0.7294685990338164,0.722488038277512,0.830338034279088,0.6614853195164075,0.5682492581602374,0.7913223140495868,0.6238821049015043,0.608324439701174,0.7579787234042553,0.5080213903743316,0.693531463247525,0.9711388455538221,0.9920318725099602,0.9511077158135982,0.9979986958382708,0.6459627329192547,0.49056603773584906,0.9454545454545454,0.9326727085625318
RF,0.7225184903818709,0.9721459395841506,0.6601116280813009,0.7018287360021553,0.7896590162815889,0.807868601986249,0.8221766009973372,"{'n_estimators': [100], 'max_depth': [10]}","['mfcc_mean', 'wav_detail_lvl5_std', 'spec_skew', 'mfcc_1', 'NDSI', 'mfcc_var', 'wav_detail_lvl3_std', 'wav_detail_lvl4_std']",0.7311320754716981,0.7209302325581395,0.7416267942583732,0.8148058164113979,0.655536028119508,0.5703363914373089,0.7706611570247934,0.6491190293705097,0.6152241918665277,0.7412060301507538,0.5258467023172906,0.706328963957613,0.9721459395841506,0.9991935483870967,0.946524064171123,0.9976304866290716,0.6385542168674698,0.4774774774774775,0.9636363636363636,0.9429987086180942
RF,0.7224424846549343,0.9727201870615745,0.6598730590532742,0.7058910661234689,0.7854894162971844,0.8113063407181055,0.819971861828671,"{'n_estimators': [100], 'max_depth': [10]}","['mfcc_mean', 'mfcc_1', 'NDSI', 'spec_kurtosis', 'mfcc_var', 'wav_detail_lvl3_std', 'wav_detail_lvl4_std']",0.7109004739336493,0.704225352112676,0.7177033492822966,0.8181192918379571,0.6718885987815492,0.5804511278195489,0.7975206611570248,0.6304358397964304,0.6147278548559232,0.7659574468085106,0.5133689839572193,0.7267254989367036,0.9727201870615745,0.9928400954653938,0.9533995416348358,0.9978405889192322,0.6419753086419753,0.48598130841121495,0.9454545454545454,0.9267380896530318
RF,0.7224148564364479,0.9639215686274509,0.6620381783886972,0.7077900097885941,0.7884231604777623,0.8017570664629489,0.8116841458796309,"{'n_estimators': [100], 'max_depth': [10]}","['mfcc_mean', 'spec_skew', 'mfcc_1', 'mfcc_var', 'wav_detail_lvl3_std', 'wav_detail_lvl4_std']",0.7459954233409611,0.7149122807017544,0.7799043062200957,0.7844746531225264,0.6554338668913227,0.5533428165007113,0.8037190082644629,0.619095096631159,0.588495575221239,0.7755102040816326,0.4741532976827095,0.7158708921674355,0.9639215686274509,0.9903303787268332,0.9388846447669977,0.9973421514459057,0.6582278481012658,0.5048543689320388,0.9454545454545454,0.9416379360311282
RF,0.7224129164884328,0.9721240675304279,0.6599851287279339,0.7032356698197105,0.7878122262389079,0.8086325439266616,0.8112112804147611,"{'n_estimators': [100], 'max_depth': [10]}","['wav_approx_std', 'mfcc_1', 'NDSI', 'spec_kurtosis', 'wav_detail_lvl3_std']",0.7322654462242563,0.7017543859649122,0.7655502392344498,0.8179893160537958,0.6678170836928387,0.5733333333333334,0.7995867768595041,0.6314993501456025,0.602357984994641,0.7553763440860215,0.5008912655971479,0.6877094127806497,0.9721240675304279,1.0,0.9457601222307105,0.9978103762579579,0.6375,0.4857142857142857,0.9272727272727272,0.921047946835799
RF,0.7223921399656781,0.968958742632613,0.6607504892989444,0.70280179593011,0.7799664328541334,0.8013750954927426,0.8183309413780961,"{'n_estimators': [100], 'max_depth': [10]}","['mfcc_mean', 'wav_detail_lvl5_std', 'wav_approx_std', 'spec_skew', 'mfcc_1', 'NDSI', 'spec_kurtosis', 'mfcc_var']",0.7186761229314421,0.7102803738317757,0.7272727272727273,0.8242610214658344,0.651685393258427,0.5601783060921248,0.7789256198347108,0.6286051359097116,0.592901878914405,0.7153652392947103,0.5062388591800356,0.6833887423404461,0.968958742632613,0.9975728155339806,0.9419404125286478,0.9976936419899102,0.6797385620915033,0.5306122448979592,0.9454545454545454,0.9577061651845786
RF,0.7223590078999942,0.9646781789638933,0.6617792151340194,0.6975339928608679,0.7772031074282694,0.7979373567608862,0.8112829421260594,"{'n_estimators': [100], 'max_depth': [10]}","['mfcc_mean', 'wav_detail_lvl5_std', 'spec_skew', 'spec_kurtosis', 'mfcc_var', 'wav_detail_lvl4_std']",0.7064439140811456,0.7047619047619048,0.7081339712918661,0.7894103822572808,0.6436990027198549,0.5735056542810986,0.7334710743801653,0.6279794207451949,0.5996055226824457,0.6710816777041942,0.5418894830659536,0.6717494486256751,0.9646781789638933,0.9919289749798225,0.9388846447669977,0.9965443122210966,0.6973684210526315,0.5463917525773195,0.9636363636363636,0.9707311467810498
RF,0.7222526712043258,0.9705304518664047,0.6601832260388061,0.7019357844471916,0.7806059143970767,0.8017570664629489,0.8144269280695766,"{'n_estimators': [100], 'max_depth': [10]}","['mfcc_mean', 'wav_detail_lvl5_std', 'wav_approx_std', 'mfcc_1', 'NDSI', 'spec_kurtosis', 'mfcc_var']",0.7333333333333333,0.7298578199052133,0.7368421052631579,0.8095291620016646,0.6427947598253275,0.556732223903177,0.7603305785123967,0.6193805753286522,0.5979381443298969,0.7090464547677262,0.5169340463458111,0.6929193393365584,0.9705304518664047,0.9991909385113269,0.9434682964094728,0.9978500936570592,0.6666666666666666,0.5148514851485149,0.9454545454545454,0.9524554700239493
RF,0.7221130549858519,0.9723196881091618,0.6595613967050243,0.7064389692425517,0.7848108238510716,0.8097784568372803,0.8137368196545018,"{'n_estimators': [100], 'max_depth': [10]}","['mfcc_mean', 'spec_skew', 'mfcc_1', 'NDSI', 'mfcc_var', 'wav_detail_lvl3_std', 'wav_detail_lvl4_std']",0.7139479905437353,0.705607476635514,0.722488038277512,0.8024169233474994,0.6660899653979239,0.5729166666666666,0.7954545454545454,0.6304571719743443,0.6122448979591837,0.7702702702702703,0.5080213903743316,0.7111372208117547,0.9723196881091618,0.9928343949044586,0.9526355996944232,0.9980267824031241,0.6459627329192547,0.49056603773584906,0.9454545454545454,0.9266459997357871
RF,0.7220711130343835,0.9694117647058823,0.6602359501165088,0.703572765594885,0.78569699650195,0.8048128342245989,0.8164705404364125,"{'n_estimators': [100], 'max_depth': [10]}","['mfcc_mean', 'wav_detail_lvl5_std', 'spec_skew', 'mfcc_1', 'NDSI', 'spec_kurtosis']",0.7122641509433962,0.7023255813953488,0.722488038277512,0.807979840773382,0.6626506024096386,0.5678466076696165,0.7954545454545454,0.6380139668231755,0.5993623804463337,0.7421052631578947,0.5026737967914439,0.6809114674808062,0.9694117647058823,0.9959709911361805,0.9442322383498855,0.9973342743634925,0.6666666666666666,0.5096153846153846,0.9636363636363636,0.9581131527412062
RF,0.7220485168367106,0.9717425431711146,0.6596250102531096,0.7045079529546936,0.7814701678844657,0.806340718105424,0.8139552025346722,"{'n_estimators': [100], 'max_depth': [10]}","['mfcc_mean', 'wav_approx_std', 'NDSI', 'spec_kurtosis', 'mfcc_var', 'wav_detail_lvl3_std']",0.7166276346604216,0.7018348623853211,0.7320574162679426,0.8075509642718955,0.6638078902229846,0.5674486803519062,0.7995867768595041,0.6260333092576229,0.6,0.7440633245382586,0.5026737967914439,0.7079247812292543,0.9717425431711146,0.9991928974979822,0.9457601222307105,0.9976420960206278,0.6580645161290323,0.51,0.9272727272727272,0.9306248618939602
RF,0.7220270930296062,0.9666535896429973,0.6608704688762583,0.6993565109537175,0.7928662931027131,0.8048128342245989,0.8240774423427768,"{'n_estimators': [100], 'max_depth': [10]}","['wav_detail_lvl5_std', 'mfcc_1', 'spec_kurtosis', 'mfcc_var', 'wav_detail_lvl3_std', 'wav_detail_lvl4_std']",0.7425968109339408,0.7086956521739131,0.7799043062200957,0.8343368689875407,0.6519823788546255,0.5683563748079877,0.7644628099173554,0.6415862082091337,0.6103484688489969,0.7487046632124352,0.5151515151515151,0.6989219866610192,0.9666535896429973,0.9935483870967742,0.9411764705882353,0.99719685742916,0.6385542168674698,0.4774774774774775,0.9636363636363636,0.9483452904270301
RF,0.7219471063650504,0.9713388299960738,0.6595991754572945,0.6920569258311543,0.7894407750050869,0.8025210084033614,0.7971990160352391,"{'n_estimators': [100], 'max_depth': [10]}","['mfcc_mean', 'wav_detail_lvl5_std', 'wav_approx_std', 'mfcc_1', 'wav_detail_lvl3_std', 'wav_detail_lvl4_std']",0.7203389830508474,0.6463878326996197,0.8133971291866029,0.7565645989291878,0.6386093321134492,0.5730706075533661,0.7210743801652892,0.5977917257987406,0.6041237113402061,0.7163814180929096,0.5222816399286988,0.6941051378856374,0.9713388299960738,0.9991922455573505,0.944996180290298,0.9967694072134029,0.6753246753246753,0.5252525252525253,0.9454545454545454,0.9407642103492264
RF,0.7218972582197505,0.9713388299960738,0.6595368652756696,0.6941595579961393,0.7773106075836163,0.8009931245225362,0.8098843277075185,"{'n_estimators': [100], 'max_depth': [10]}","['mfcc_mean', 'wav_detail_lvl5_std', 'NDSI', 'spec_kurtosis', 'wav_detail_lvl3_std']",0.6637168141592921,0.6172839506172839,0.7177033492822966,0.7732982964348107,0.6720867208672087,0.5971107544141252,0.768595041322314,0.6609948438137887,0.5801217038539553,0.6729411764705883,0.5098039215686274,0.677066437075951,0.9713388299960738,0.9991922455573505,0.944996180290298,0.9961931027115734,0.7222222222222222,0.5842696629213483,0.9454545454545454,0.9418689585014685
RF,0.7217840090965137,0.9734789391575663,0.6588602765812506,0.7024362661897923,0.7830092245684702,0.8097784568372803,0.8139786844667963,"{'n_estimators': [100], 'max_depth': [10]}","['mfcc_mean', 'spec_skew', 'NDSI', 'mfcc_var', 'wav_detail_lvl3_std', 'wav_detail_lvl4_std']",0.711217183770883,0.7095238095238096,0.7129186602870813,0.8003024305437691,0.6678445229681979,0.5833333333333334,0.78099173553719,0.6452307969685577,0.6104166666666667,0.7343358395989975,0.5222816399286988,0.6999988824283162,0.9734789391575663,0.9944223107569721,0.9533995416348358,0.9976672392664031,0.6459627329192547,0.49056603773584906,0.9454545454545454,0.9266940731269359
RF,0.7217746502566236,0.9685534591194969,0.6600799480409052,0.6941174926275748,0.784737012682411,0.7987012987012987,0.816206440985286,"{'n_estimators': [100], 'max_depth': [10]}","['wav_detail_lvl5_std', 'wav_approx_std', 'spec_skew', 'mfcc_1', 'spec_kurtosis', 'wav_detail_lvl3_std', 'wav_detail_lvl4_std']",0.7223476297968398,0.6837606837606838,0.7655502392344498,0.8218360000313909,0.6439461883408072,0.5689381933438986,0.7417355371900827,0.6331162563652373,0.5857142857142857,0.684964200477327,0.5115864527629234,0.6753991790846953,0.9685534591194969,0.9975708502024292,0.9411764705882353,0.9967936189159267,0.6883116883116883,0.5353535353535354,0.9636363636363636,0.9538871505291794
RF,0.7217506681188949,0.9709347996857817,0.6594546352271732,0.7005104965717355,0.783089127778123,0.8055767761650114,0.821160974152478,"{'n_estimators': [100], 'max_depth': [10]}","['wav_detail_lvl5_std', 'wav_approx_std', 'mfcc_1', 'NDSI', 'spec_kurtosis', 'mfcc_var', 'wav_detail_lvl3_std']",0.7348837209302326,0.7149321266968326,0.7559808612440191,0.8312832091549126,0.6473175021987687,0.5635528330781011,0.7603305785123967,0.634203369401956,0.6141078838174274,0.7344913151364765,0.5276292335115864,0.7005314623682733,0.9709347996857817,0.9991915925626516,0.9442322383498855,0.997758832341298,0.6415094339622641,0.49038461538461536,0.9272727272727272,0.9420279974959503
RF,0.7217489977814633,0.9731413001167769,0.658900922197635,0.7016980157296642,0.7835199203648401,0.8090145148968678,0.8236111475405019,"{'n_estimators': [100], 'max_depth': [10]}","['spec_skew', 'mfcc_1', 'NDSI', 'spec_kurtosis', 'wav_detail_lvl3_std', 'wav_detail_lvl4_std']",0.7255369928400954,0.7238095238095238,0.7272727272727273,0.822798212519427,0.6672597864768683,0.5859375,0.7747933884297521,0.6621005604366121,0.6008316008316008,0.7206982543640897,0.5151515151515151,0.696043491383382,0.9731413001167769,0.9920634920634921,0.9549274255156608,0.9978771873840011,0.6419753086419753,0.48598130841121495,0.9454545454545454,0.9392362859790874
RF,0.7217398717039163,0.9721240675304279,0.6591438227472883,0.698200941752295,0.7843695529538479,0.8055767761650114,0.8204120675510381,"{'n_estimators': [100], 'max_depth': [10]}","['wav_detail_lvl5_std', 'wav_approx_std', 'mfcc_1', 'NDSI', 'spec_kurtosis', 'wav_detail_lvl3_std', 'wav_detail_lvl4_std']",0.7402298850574712,0.7123893805309734,0.7703349282296651,0.8221719330154366,0.650088809946714,0.5700934579439252,0.756198347107438,0.6379628830757778,0.6047471620227038,0.7181372549019608,0.5222816399286988,0.7012099285329112,0.9721240675304279,1.0,0.9457601222307105,0.9973095476169164,0.6415094339622641,0.49038461538461536,0.9272727272727272,0.9434060455141488
RF,0.7216880295368292,0.9719407638347622,0.659124845962346,0.7059847230525487,0.7855605104155625,0.8074866310160428,0.8099712127551546,"{'n_estimators': [100], 'max_depth': [10]}","['mfcc_mean', 'spec_skew', 'mfcc_1', 'NDSI', 'mfcc_var', 'wav_detail_lvl3_std']",0.7428571428571429,0.7393364928909952,0.7464114832535885,0.7881974729913478,0.662057044079516,0.5690936106983655,0.7913223140495868,0.6194071423190259,0.5935483870967742,0.7479674796747967,0.4919786096256685,0.7114703616415412,0.9719407638347622,0.9920445505171042,0.9526355996944232,0.9978073737569327,0.6380368098159509,0.48148148148148145,0.9454545454545454,0.9329737130669248
RF,0.7216041807394582,0.96875,0.6598177259243228,0.7011172530103675,0.7826274363594938,0.8036669213139801,0.8156421141555945,"{'n_estimators': [100], 'max_depth': [10]}","['spec_skew', 'NDSI', 'spec_kurtosis', 'mfcc_var', 'wav_detail_lvl3_std']",0.7358490566037735,0.7255813953488373,0.7464114832535885,0.8243798162839591,0.6507936507936508,0.5676923076923077,0.762396694214876,0.6335743862882672,0.5985401459854015,0.7211055276381909,0.5115864527629234,0.6878423586838932,0.96875,0.991207034372502,0.9472880061115355,0.9973986046718705,0.6540880503144654,0.5,0.9454545454545454,0.9350154048499828
RF,0.7215509628804316,0.9692913385826771,0.6596158689548703,0.7036333729505035,0.7849688757625712,0.80061115355233,0.8065518869161409,"{'n_estimators': [100], 'max_depth': [10]}","['mfcc_mean', 'wav_approx_std', 'mfcc_1', 'spec_kurtosis', 'mfcc_var', 'wav_detail_lvl3_std', 'wav_detail_lvl4_std']",0.7311320754716981,0.7209302325581395,0.7416267942583732,0.812326459025838,0.6479591836734694,0.5505780346820809,0.7871900826446281,0.5930387864193607,0.5884861407249466,0.7320954907161804,0.4919786096256685,0.6925808208052467,0.9692913385826771,1.0,0.9404125286478228,0.9969635696842052,0.6708860759493671,0.5145631067961165,0.9636363636363636,0.9378497986460534
RF,0.7214535500982373,0.9662215239591516,0.6602615566330088,0.6939891168539171,0.7816343971255314,0.7964094728800611,0.8079093522641225,"{'n_estimators': [100], 'max_depth': [10]}","['wav_detail_lvl5_std', 'wav_approx_std', 'spec_skew', 'mfcc_1', 'spec_kurtosis', 'wav_detail_lvl4_std']",0.7198177676537585,0.6869565217391305,0.7559808612440191,0.8067524268755584,0.6408640864086409,0.5677830940988836,0.7355371900826446,0.6199172863702807,0.582995951417004,0.6744730679156908,0.5133689839572193,0.6551256627550345,0.9662215239591516,0.994341147938561,0.9396485867074102,0.9964138702454387,0.6973684210526315,0.5463917525773195,0.9636363636363636,0.9613375150743
RF,0.7213964704603868,0.966248037676609,0.6601835786563313,0.7013430213467271,0.7832375177126091,0.7975553857906799,0.8201676861449757,"{'n_estimators': [100], 'max_depth': [10]}","['wav_detail_lvl5_std', 'wav_approx_std', 'spec_skew', 'mfcc_1', 'spec_kurtosis', 'mfcc_var', 'wav_detail_lvl3_std']",0.7383177570093458,0.7214611872146118,0.7559808612440191,0.8347188029593743,0.6373056994818653,0.5474777448071216,0.762396694214876,0.624380859180725,0.5856236786469344,0.7194805194805195,0.49376114081996436,0.6887090380154639,0.966248037676609,0.993543179983858,0.9404125286478228,0.9968139249812935,0.6794871794871795,0.5247524752475248,0.9636363636363636,0.9562158055880214
RF,0.7213288986853975,0.969315499606609,0.6593322484550945,0.6975933980939628,0.7861297750940308,0.8002291825821237,0.8058757572356796,"{'n_estimators': [100], 'max_depth': [10]}","['mfcc_mean', 'wav_detail_lvl5_std', 'wav_approx_std', 'spec_skew', 'mfcc_1', 'wav_detail_lvl3_std']",0.7146067415730337,0.673728813559322,0.7607655502392344,0.7924531511164699,0.6445414847161572,0.5582450832072617,0.762396694214876,0.603185198465177,0.5943097997892518,0.7268041237113402,0.5026737967914439,0.6872715561222895,0.969315499606609,0.9991889699918897,0.9411764705882353,0.9969125083188222,0.6838709677419355,0.53,0.9636363636363636,0.9495563721556396
RF,0.7213107658708473,0.964299725382503,0.6605635259929334,0.7034750776749614,0.7832581697315725,0.80061115355233,0.8067417353622618,"{'n_estimators': [100], 'max_depth': [10]}","['mfcc_mean', 'spec_kurtosis', 'mfcc_var', 'wav_detail_lvl3_std', 'wav_detail_lvl4_std']",0.7173396674584323,0.7122641509433962,0.722488038277512,0.7885382458995385,0.660393498716852,0.5635036496350365,0.7975206611570248,0.6111126932040487,0.5893617021276596,0.7308707124010554,0.49376114081996436,0.7001472032438487,0.964299725382503,0.9911290322580645,0.9388846447669977,0.9962737950982758,0.6751592356687898,0.5196078431372549,0.9636363636363636,0.9376367393655973
RF,0.7212498811646705,0.968885387948011,0.6593410044688354,0.7011222542226087,0.780722491693502,0.8055767761650114,0.7940215260480378,"{'n_estimators': [100], 'max_depth': [10]}","['mfcc_mean', 'wav_approx_std', 'spec_skew', 'NDSI', 'spec_kurtosis', 'wav_detail_lvl3_std']",0.6788154897494305,0.6478260869565218,0.7129186602870813,0.7634104178867588,0.684931506849315,0.5847953216374269,0.8264462809917356,0.6372230551372193,0.5936170212765958,0.7361477572559367,0.49732620320855614,0.6807005922255671,0.968885387948011,1.0,0.9396485867074102,0.9958206517037261,0.68,0.5368421052631579,0.9272727272727272,0.8929529132869175
RF,0.7211910856128402,0.9689098780007871,0.6592613875158534,0.6968878264501609,0.7858856426433121,0.8002291825821237,0.8116345018316364,"{'n_estimators': [100], 'max_depth': [10]}","['wav_detail_lvl5_std', 'wav_approx_std', 'mfcc_1', 'spec_kurtosis', 'wav_detail_lvl3_std']",0.7370786516853932,0.6949152542372882,0.784688995215311,0.81534250567393,0.6421052631578947,0.5579268292682927,0.756198347107438,0.6130452789723964,0.5911949685534591,0.7175572519083969,0.5026737967914439,0.684936230157923,0.9689098780007871,0.9991883116883117,0.9404125286478228,0.9967024117949487,0.6666666666666666,0.5148514851485149,0.9454545454545454,0.9481460825589839
RF,0.7211763250026779,0.9698865858427845,0.6589987597926512,0.6951943291539451,0.7796090737295354,0.8032849503437739,0.8025859347016178,"{'n_estimators': [100], 'max_depth': [10]}","['mfcc_mean', 'spec_skew', 'NDSI', 'spec_kurtosis', 'wav_detail_lvl3_std', 'wav_detail_lvl4_std']",0.6771300448430493,0.6371308016877637,0.722488038277512,0.7644403980119208,0.6732495511669659,0.5952380952380952,0.7747933884297521,0.6744653533774135,0.5876288659793815,0.6968215158924206,0.5080213903743316,0.6795602722746225,0.9698865858427845,0.9935897435897436,0.9472880061115355,0.9964852881055797,0.697986577181208,0.5531914893617021,0.9454545454545454,0.8979783617385528
RF,0.721171620567563,0.9713613181639859,0.6586241961684574,0.69926376693735,0.7829539332044257,0.799083269671505,0.8135926730351045,"{'n_estimators': [100], 'max_depth': [10]}","['mfcc_mean', 'wav_detail_lvl5_std', 'mfcc_1', 'spec_kurtosis', 'mfcc_var', 'wav_detail_lvl3_std']",0.7297921478060047,0.7053571428571429,0.7559808612440191,0.8143622976870666,0.6346992153443767,0.5490196078431373,0.7520661157024794,0.6024459614867452,0.5861344537815126,0.7135549872122762,0.49732620320855614,0.6930421104108655,0.9713613181639859,0.9983870967741936,0.9457601222307105,0.9967666480673569,0.6838709677419355,0.53,0.9636363636363636,0.9613463475234884
RF,0.7211683243976447,0.970125786163522,0.6589289589561753,0.6936515962749012,0.7785474381140016,0.7967914438502673,0.8024119136160331,"{'n_estimators': [100], 'max_depth': [10]}","['mfcc_mean', 'wav_detail_lvl5_std', 'wav_approx_std', 'spec_skew', 'mfcc_var', 'wav_detail_lvl4_std']",0.7,0.6666666666666666,0.7368421052631579,0.7765361487903104,0.6359530261969286,0.565008025682183,0.7272727272727273,0.6105359744667685,0.5883534136546185,0.6735632183908046,0.5222816399286988,0.6711805666327414,0.970125786163522,0.9991902834008097,0.9427043544690603,0.9967733607814244,0.7114093959731543,0.5638297872340425,0.9636363636363636,0.957033517408921
RF,0.7211659768337302,0.9705304518664047,0.6588248580755615,0.696086699117654,0.7776305372083587,0.8040488922841864,0.8013067084259898,"{'n_estimators': [100], 'max_depth': [10]}","['mfcc_mean', 'wav_detail_lvl5_std', 'wav_approx_std', 'spec_skew', 'NDSI', 'spec_kurtosis', 'wav_detail_lvl3_std']",0.6772009029345373,0.6410256410256411,0.7177033492822966,0.7634947870086394,0.6725978647686833,0.590625,0.78099173553719,0.6415745694749874,0.5963114754098361,0.7012048192771084,0.5187165775401069,0.6729181501789573,0.9705304518664047,0.9991909385113269,0.9434682964094728,0.9961736183378458,0.6891891891891891,0.5483870967741935,0.9272727272727272,0.9323724171295197
RF,0.7211512620742465,0.9705535924617197,0.6588006794773783,0.6992773337457059,0.7785475112184935,0.8040488922841864,0.8060350518698132,"{'n_estimators': [100], 'max_depth': [10]}","['mfcc_mean', 'wav_detail_lvl5_std', 'wav_approx_std', 'spec_skew', 'NDSI', 'mfcc_var']",0.7116279069767442,0.6923076923076923,0.7320574162679426,0.7572280447536844,0.6466431095406361,0.5648148148148148,0.756198347107438,0.6299005463280549,0.6145940390544707,0.7257281553398058,0.5329768270944741,0.691260551197573,0.9705535924617197,0.9983844911147012,0.9442322383498855,0.9977010892709584,0.6623376623376623,0.5151515151515151,0.9272727272727272,0.9540850277987946
RF,0.7211457337411262,0.9745397571484528,0.6577972278892947,0.7035498169923475,0.7847894773394352,0.807868601986249,0.8042363757291193,"{'n_estimators': [100], 'max_depth': [10]}","['mfcc_mean', 'mfcc_1', 'NDSI', 'mfcc_var', 'wav_detail_lvl3_std']",0.728110599078341,0.7022222222222222,0.7559808612440191,0.7819881138647077,0.6672384219554031,0.5703812316715543,0.8037190082644629,0.6150518563595043,0.5902702702702702,0.75,0.48663101604278075,0.71494899222292,0.9745397571484528,1.0,0.9503437738731857,0.9979721267085172,0.6455696202531646,0.49514563106796117,0.9272727272727272,0.9112207894899477
RF,0.7210959815621509,0.9725490196078431,0.6582327220507279,0.695694700093735,0.773984206992932,0.8032849503437739,0.7920555535040074,"{'n_estimators': [100], 'max_depth': [10]}","['mfcc_mean', 'NDSI', 'wav_detail_lvl3_std', 'wav_detail_lvl4_std']",0.6621621621621622,0.625531914893617,0.7033492822966507,0.7323937634231098,0.6744394618834081,0.595879556259905,0.7768595041322314,0.6421289817969218,0.5879959308240081,0.6848341232227488,0.5151515151515151,0.6645492913027332,0.9725490196078431,0.9991941982272361,0.9472880061115355,0.9971595045006876,0.7083333333333334,0.5730337078651685,0.9272727272727272,0.9240462264965844
RF,0.721043019809607,0.9741985926505082,0.6577541265993818,0.6950310629521674,0.7807347610640603,0.8067226890756303,0.8091680997591315,"{'n_estimators': [100], 'max_depth': [10]}","['mfcc_mean', 'NDSI', 'spec_kurtosis', 'wav_detail_lvl3_std', 'wav_detail_lvl4_std']",0.672686230248307,0.6367521367521367,0.7129186602870813,0.7768822719591293,0.6840215439856373,0.6047619047619047,0.7871900826446281,0.6654938360330083,0.5855670103092784,0.6943765281173594,0.5062388591800356,0.6767780618969418,0.9741985926505082,0.9975980784627703,0.9518716577540107,0.9968426605052731,0.6887417218543046,0.5416666666666666,0.9454545454545454,0.929843668401305
RF,0.7210060217147116,0.9627304825421734,0.6605749065078463,0.6987635020007061,0.7774418423306686,0.7975553857906799,0.816547812520426,"{'n_estimators': [100], 'max_depth': [10]}","['spec_kurtosis', 'mfcc_var', 'wav_detail_lvl3_std', 'wav_detail_lvl4_std']",0.7309417040358744,0.6877637130801688,0.7799043062200957,0.8329750945871581,0.651528384279476,0.5642965204236006,0.7706611570247934,0.6284683573518018,0.5795574288724974,0.7087628865979382,0.49019607843137253,0.6921680345557342,0.9627304825421734,0.989516129032258,0.9373567608861727,0.9957770601429343,0.6802721088435374,0.5434782608695652,0.9090909090909091,0.933350515964501
RF,0.7209126702711928,0.9717425431711146,0.6582052020462122,0.6988498329333258,0.7759451740678872,0.8009931245225362,0.8125757010778918,"{'n_estimators': [100], 'max_depth': [10]}","['mfcc_mean', 'wav_detail_lvl5_std', 'wav_approx_std', 'mfcc_1', 'NDSI', 'spec_kurtosis']",0.7096774193548387,0.6844444444444444,0.7368421052631579,0.8060261809545325,0.6449912126537786,0.5611620795107034,0.7582644628099173,0.6233043961689149,0.59358841778697,0.7068965517241379,0.5115864527629234,0.6816475137930056,0.9717425431711146,0.9991928974979822,0.9457601222307105,0.9976493555838298,0.6845637583892618,0.5425531914893617,0.9272727272727272,0.9542510588891752
RF,0.7208356658144023,0.9721459395841506,0.6580080973719652,0.6976848595265699,0.7763175805337359,0.8017570664629489,0.8152536277916621,"{'n_estimators': [100], 'max_depth': [10]}","['wav_detail_lvl5_std', 'wav_approx_std', 'NDSI', 'spec_kurtosis', 'mfcc_var', 'wav_detail_lvl4_std']",0.7311320754716981,0.7209302325581395,0.7416267942583732,0.8113566041194924,0.6355475763016158,0.5619047619047619,0.731404958677686,0.6355854786895417,0.6030150753768844,0.6912442396313364,0.5347593582887701,0.6800053800342742,0.9721459395841506,0.9991935483870967,0.946524064171123,0.9975582586282215,0.6623376623376623,0.5151515151515151,0.9272727272727272,0.9517624174867803
RF,0.7207468336342412,0.96700706991359,0.659181774564404,0.6970200980222352,0.7751244421213462,0.7918258212375859,0.8043728340744611,"{'n_estimators': [100], 'max_depth': [10]}","['mfcc_mean', 'wav_detail_lvl5_std', 'spec_kurtosis', 'mfcc_var']",0.7242990654205608,0.7077625570776256,0.7416267942583732,0.7906633783746584,0.6224580017683466,0.5440494590417311,0.7272727272727273,0.591374665975531,0.5737538148524923,0.6682464454976303,0.5026737967914439,0.6777425593077833,0.96700706991359,0.9951495553759094,0.9404125286478228,0.9961068309706118,0.7162162162162162,0.5698924731182796,0.9636363636363636,0.9659767357437216
RF,0.7207314720625255,0.9765441751368257,0.6567782962939505,0.7001330305426026,0.7884362583658953,0.8097784568372803,0.8113756396996792,"{'n_estimators': [100], 'max_depth': [10]}","['mfcc_mean', 'mfcc_1', 'NDSI', 'mfcc_var', 'wav_detail_lvl3_std', 'wav_detail_lvl4_std']",0.7133182844243793,0.6752136752136753,0.7559808612440191,0.7987767339809496,0.6678321678321678,0.5787878787878787,0.7892561983471075,0.6168662296542615,0.6,0.7560975609756098,0.49732620320855614,0.7215652905348029,0.9765441751368257,1.0,0.9541634835752483,0.998146327907286,0.6459627329192547,0.49056603773584906,0.9454545454545454,0.9215236164210953
RF,0.7206331244116715,0.9670846394984326,0.6590202456399812,0.7003259407058265,0.7883718289403625,0.8025210084033614,0.8243072786316322,"{'n_estimators': [100], 'max_depth': [10]}","['wav_detail_lvl5_std', 'spec_skew', 'mfcc_1', 'spec_kurtosis', 'mfcc_var', 'wav_detail_lvl3_std', 'wav_detail_lvl4_std']",0.7395348837209302,0.7194570135746606,0.7607655502392344,0.8456653132923092,0.65625,0.5658682634730539,0.78099173553719,0.6357412212509923,0.5899893503727369,0.7328042328042328,0.49376114081996436,0.6889165717236332,0.9670846394984326,0.9927594529364441,0.9427043544690603,0.9966321203974651,0.6503067484662577,0.49074074074074076,0.9636363636363636,0.9545811664937613
RF,0.7205097791897948,0.9705304518664047,0.6580046110206422,0.6971841562777671,0.7704706467188875,0.8029029793735676,0.807157945920584,"{'n_estimators': [100], 'max_depth': [10]}","['mfcc_mean', 'wav_detail_lvl5_std', 'wav_approx_std', 'NDSI', 'spec_kurtosis', 'wav_detail_lvl4_std']",0.6601941747572816,0.6699507389162561,0.6507177033492823,0.7613758813813686,0.6569608735213831,0.5869918699186992,0.7458677685950413,0.633950365198874,0.6168768186226964,0.676595744680851,0.5668449197860963,0.6869442201147947,0.9705304518664047,0.9991909385113269,0.9434682964094728,0.9970060860814497,0.697986577181208,0.5531914893617021,0.9454545454545454,0.9565131768264326
RF,0.7204696047717025,0.9705535924617197,0.6579486078491983,0.7000615401679073,0.7830095535386838,0.80061115355233,0.8084081272840411,"{'n_estimators': [100], 'max_depth': [10]}","['mfcc_mean', 'wav_detail_lvl5_std', 'spec_skew', 'mfcc_1', 'mfcc_var', 'wav_detail_lvl3_std']",0.7162790697674418,0.6968325791855203,0.7368421052631579,0.7871198979460765,0.6476683937823834,0.5563798219584569,0.7747933884297521,0.614539322842263,0.5883597883597883,0.7239583333333334,0.49554367201426025,0.6910628844818656,0.9705535924617197,0.9983844911147012,0.9442322383498855,0.9970041079247022,0.6794871794871795,0.5247524752475248,0.9636363636363636,0.9523144232252985
RF,0.7204411192683067,0.9713388299960738,0.6577166915863648,0.6944973760145984,0.7767625432078007,0.7979373567608862,0.8096538712165751,"{'n_estimators': [100], 'max_depth': [10]}","['wav_detail_lvl5_std', 'wav_approx_std', 'mfcc_1', 'NDSI', 'spec_kurtosis', 'wav_detail_lvl4_std']",0.7235955056179775,0.6822033898305084,0.7703349282296651,0.8008042544983914,0.6344086021505376,0.560126582278481,0.731404958677686,0.620570098711257,0.5836734693877551,0.6825775656324582,0.5098039215686274,0.6760063624285259,0.9713388299960738,0.9991922455573505,0.944996180290298,0.9971919941880971,0.6891891891891891,0.5483870967741935,0.9272727272727272,0.9536966462566044
RF,0.7203017283875002,0.9741379310344828,0.6568426777257546,0.7001594925455616,0.7818921879321541,0.8044308632543926,0.8095324849934787,"{'n_estimators': [100], 'max_depth': [10]}","['mfcc_mean', 'NDSI', 'mfcc_var', 'wav_detail_lvl3_std']",0.7116279069767442,0.6923076923076923,0.7320574162679426,0.7729088019544907,0.6666666666666666,0.5727002967359051,0.7975206611570248,0.6330391717349384,0.5781083953241233,0.7157894736842105,0.48484848484848486,0.7146001747549848,0.9741379310344828,1.0,0.9495798319327731,0.9977588691954203,0.6709677419354839,0.52,0.9454545454545454,0.9293554073275592
RF,0.7202623715150128,0.9709576138147566,0.6575885609400769,0.6980458547770516,0.7849144251001836,0.8048128342245989,0.8101485916909021,"{'n_estimators': [100], 'max_depth': [10]}","['mfcc_mean', 'wav_detail_lvl5_std', 'NDSI', 'mfcc_var', 'wav_detail_lvl3_std']",0.7248322147651006,0.680672268907563,0.7751196172248804,0.7732706319936098,0.6549912434325744,0.5683890577507599,0.7727272727272727,0.6364596760897819,0.6008492569002123,0.7427821522309711,0.5044563279857398,0.7076262464670691,0.9709576138147566,0.9983857949959645,0.944996180290298,0.9977473517709791,0.6496815286624203,0.5,0.9272727272727272,0.9356390521330712
RF,0.7201552209894537,0.9672841939298384,0.6583729777543577,0.6939113673730211,0.7827359599777275,0.793353705118411,0.7959491299134116,"{'n_estimators': [100], 'max_depth': [10]}","['wav_detail_lvl5_std', 'wav_approx_std', 'spec_skew', 'mfcc_var']",0.7244444444444444,0.6763485477178424,0.7799043062200957,0.7797649335857132,0.6345311130587205,0.5509893455098934,0.7479338842975206,0.6004691959299825,0.5678496868475992,0.6851385390428212,0.48484848484848486,0.656758585173713,0.9672841939298384,0.999185667752443,0.9373567608861727,0.9961936748741411,0.7066666666666667,0.5578947368421052,0.9636363636363636,0.9465592600035081
RF,0.720085304873044,0.9721240675304279,0.657075614208698,0.6954508905728417,0.7823639921388302,0.806340718105424,0.8111897056704815,"{'n_estimators': [100], 'max_depth': [10]}","['mfcc_mean', 'wav_detail_lvl5_std', 'wav_approx_std', 'spec_skew', 'mfcc_1', 'NDSI', 'wav_detail_lvl3_std', 'wav_detail_lvl4_std']",0.7090909090909091,0.6753246753246753,0.7464114832535885,0.794437261941318,0.6619090098126673,0.5824175824175825,0.7665289256198347,0.6338157203887805,0.607621009268795,0.7195121951219512,0.5258467023172906,0.6882565364552837,0.9721240675304279,1.0,0.9457601222307105,0.9973694323719018,0.6496815286624203,0.5,0.9272727272727272,0.9420695771951239
RF,0.7200713646118149,0.96953125,0.6577063932647685,0.7070464812740472,0.7822817130331906,0.8055767761650114,0.817525553346,"{'n_estimators': [100], 'max_depth': [10]}","['mfcc_mean', 'mfcc_1', 'NDSI', 'spec_kurtosis', 'mfcc_var', 'wav_detail_lvl3_std']",0.7242206235011991,0.7259615384615384,0.722488038277512,0.8084622031985482,0.6604255319148936,0.5615050651230101,0.8016528925619835,0.6292475990841532,0.600216684723727,0.7651933701657458,0.49376114081996436,0.7127364840101542,0.96953125,0.9920063948840927,0.948051948051948,0.9980237256459872,0.6459627329192547,0.49056603773584906,0.9454545454545454,0.9391577547911565
RF,0.7200703029714944,0.9697208022021234,0.6576576781638371,0.6958432069186079,0.7812343327935786,0.8017570664629489,0.8158605236166283,"{'n_estimators': [100], 'max_depth': [10]}","['mfcc_mean', 'wav_detail_lvl5_std', 'wav_approx_std', 'spec_skew', 'mfcc_1', 'spec_kurtosis', 'wav_detail_lvl3_std', 'wav_detail_lvl4_std']",0.7061611374407583,0.6995305164319249,0.7129186602870813,0.8122134150988335,0.6541889483065954,0.5752351097178683,0.7582644628099173,0.632351340097836,0.5993945509586277,0.6906976744186046,0.5294117647058824,0.6881023942186696,0.9697208022021234,0.9991896272285251,0.9419404125286478,0.9966544799136124,0.6708860759493671,0.5145631067961165,0.9636363636363636,0.9499809887541903
RF,0.7199680756671812,0.970102281667978,0.657434524166982,0.7015881879835625,0.7788111138322227,0.8017570664629489,0.8033484332920757,"{'n_estimators': [100], 'max_depth': [10]}","['mfcc_mean', 'wav_approx_std', 'mfcc_1', 'NDSI', 'wav_detail_lvl3_std']",0.7146171693735499,0.6936936936936937,0.7368421052631579,0.7836059335894113,0.659846547314578,0.5616835994194485,0.7995867768595041,0.6182113562687598,0.5842217484008528,0.726790450928382,0.48841354723707664,0.6978606186091842,0.970102281667978,1.0,0.9419404125286478,0.9978905938354519,0.6710526315789473,0.5257731958762887,0.9272727272727272,0.9191736641575718
RF,0.7199628877943818,0.9729941291585127,0.656705077453349,0.7007995709983288,0.7717376450362659,0.8071046600458365,0.8032029948040877,"{'n_estimators': [100], 'max_depth': [10]}","['mfcc_mean', 'wav_approx_std', 'NDSI', 'spec_kurtosis', 'mfcc_var', 'wav_detail_lvl4_std']",0.6898263027295285,0.7164948453608248,0.6650717703349283,0.7723030635235439,0.6624775583482945,0.5857142857142857,0.762396694214876,0.6272300365751003,0.6164519326065411,0.6941964285714286,0.5543672014260249,0.6885445726754033,0.9729941291585127,0.9975922953451043,0.9495798319327731,0.9979612484054444,0.6580645161290323,0.51,0.9272727272727272,0.9299760528409463
RF,0.7199349003287144,0.9666535896429973,0.6582552280001439,0.6999861132755008,0.7781744833644637,0.7967914438502673,0.8023600919488239,"{'n_estimators': [100], 'max_depth': [10]}","['mfcc_mean', 'wav_approx_std', 'mfcc_1', 'spec_kurtosis', 'mfcc_var', 'wav_detail_lvl4_std']",0.7259615384615384,0.7294685990338164,0.722488038277512,0.8047580998407439,0.6434782608695652,0.5555555555555556,0.7644628099173554,0.592823246317003,0.5797101449275363,0.691358024691358,0.49910873440285203,0.6705726552089182,0.9666535896429973,0.9935483870967742,0.9411764705882353,0.9973069701741866,0.6838709677419355,0.53,0.9636363636363636,0.9463394882032685
RF,0.7199315238411801,0.9694117647058823,0.6575614636250046,0.6999072631830732,0.778214459337454,0.8036669213139801,0.8109304303135131,"{'n_estimators': [100], 'max_depth': [10]}","['mfcc_mean', 'wav_approx_std', 'spec_skew', 'NDSI', 'spec_kurtosis', 'mfcc_var', 'wav_detail_lvl3_std', 'wav_detail_lvl4_std']",0.7136150234741784,0.7004608294930875,0.7272727272727273,0.8031680330583154,0.6579406631762653,0.5694864048338368,0.7789256198347108,0.623609257954397,0.6006256517205423,0.7236180904522613,0.5133689839572193,0.6980802455110829,0.9694117647058823,0.9959709911361805,0.9442322383498855,0.9975177100795735,0.6580645161290323,0.51,0.9272727272727272,0.9322769049641967
RF,0.7199114541068228,0.970125786163522,0.6573578710926481,0.696062672048934,0.7816148416739466,0.8013750954927426,0.8117570740239424,"{'n_estimators': [100], 'max_depth': [10]}","['mfcc_mean', 'wav_detail_lvl5_std', 'wav_approx_std', 'spec_kurtosis', 'mfcc_var', 'wav_detail_lvl3_std']",0.6880733944954128,0.6607929515418502,0.7177033492822966,0.8092566832669287,0.655536028119508,0.5703363914373089,0.7706611570247934,0.6037421902267109,0.5975103734439834,0.7146401985111662,0.5133689839572193,0.6934122233722044,0.970125786163522,0.9991902834008097,0.9427043544690603,0.9967657350122883,0.6883116883116883,0.5353535353535354,0.9636363636363636,0.9556085382415797
RF,0.7198879719818944,0.968503937007874,0.6577339807253995,0.6958965696916695,0.7870038245833348,0.7983193277310925,0.8150255218084876,"{'n_estimators': [100], 'max_depth': [10]}","['wav_detail_lvl5_std', 'wav_approx_std', 'spec_skew', 'mfcc_1', 'spec_kurtosis', 'wav_detail_lvl3_std']",0.7235023041474654,0.6977777777777778,0.7511961722488039,0.8103559632812007,0.6480836236933798,0.5602409638554217,0.768595041322314,0.6323802809007697,0.5801047120418849,0.7030456852791879,0.49376114081996436,0.6829477888360588,0.968503937007874,0.9991876523151909,0.9396485867074102,0.9964774880533009,0.6792452830188679,0.5192307692307693,0.9818181818181818,0.9529660879711077
RF,0.7198686769812308,0.9747376603186941,0.6561514311468651,0.6987829752051198,0.7868005209913457,0.8090145148968678,0.8254903570012277,"{'n_estimators': [100], 'max_depth': [10]}","['NDSI', 'mfcc_var', 'wav_detail_lvl3_std']",0.7208791208791209,0.6666666666666666,0.784688995215311,0.8094325630672049,0.6690265486725664,0.5851393188854489,0.78099173553719,0.65532901367696,0.5891304347826087,0.754874651810585,0.483065953654189,0.7399751680511121,0.9747376603186941,0.9920886075949367,0.957983193277311,0.9983319326501406,0.6455696202531646,0.49514563106796117,0.9272727272727272,0.9243831075607213
RF,0.7198661108712155,0.969435736677116,0.6574737044197404,0.6995039311609995,0.7771058297177069,0.8013750954927426,0.8024274640971472,"{'n_estimators': [100], 'max_depth': [10]}","['wav_detail_lvl5_std', 'wav_approx_std', 'spec_skew', 'mfcc_1', 'NDSI', 'spec_kurtosis']",0.7311320754716981,0.7209302325581395,0.7416267942583732,0.7740389373838705,0.6444249341527656,0.5603053435114503,0.7582644628099173,0.6342493347598221,0.5962732919254659,0.7111111111111111,0.5133689839572193,0.6534606624767494,0.969435736677116,0.995172968624296,0.944996180290298,0.9972122572058821,0.6580645161290323,0.51,0.9272727272727272,0.9531761286594119
RF,0.7198396674664019,0.9636075949367089,0.6588976855988252,0.700325052548628,0.7876201076341802,0.7971734148204737,0.8007267622057114,"{'n_estimators': [100], 'max_depth': [10]}","['mfcc_mean', 'mfcc_1', 'mfcc_var', 'wav_detail_lvl3_std', 'wav_detail_lvl4_std']",0.7528344671201814,0.7155172413793104,0.7942583732057417,0.7793455551959144,0.6418289585097375,0.5437589670014347,0.7830578512396694,0.583819574414722,0.5868392664509169,0.7431693989071039,0.48484848484848486,0.7078710925085571,0.9636075949367089,0.9991796554552912,0.93048128342246,0.9955343630364321,0.6540880503144654,0.5,0.9454545454545454,0.9370632258729309
RF,0.7198310691370101,0.9745795854517012,0.6561439400583373,0.6951621507992687,0.7859238031880869,0.8055767761650114,0.8106446530082367,"{'n_estimators': [100], 'max_depth': [10]}","['mfcc_mean', 'wav_detail_lvl5_std', 'NDSI', 'mfcc_var', 'wav_detail_lvl3_std', 'wav_detail_lvl4_std']",0.6966292134831461,0.6567796610169492,0.7416267942583732,0.7683290077372262,0.6589492430988424,0.5790297339593115,0.7644628099173554,0.6418257911609806,0.5981112277019937,0.7270408163265306,0.5080213903743316,0.7127492321661342,0.9745795854517012,0.9983974358974359,0.9518716577540107,0.9975338544904767,0.6708860759493671,0.5145631067961165,0.9636363636363636,0.9327853794863655
RF,0.7198184882465631,0.9705304518664047,0.6571404973416027,0.6984767998977157,0.7820425151356758,0.8051948051948052,0.820371643230034,"{'n_estimators': [100], 'max_depth': [10]}","['wav_detail_lvl5_std', 'wav_approx_std', 'spec_skew', 'NDSI', 'spec_kurtosis', 'mfcc_var', 'wav_detail_lvl3_std']",0.7159353348729792,0.6919642857142857,0.7416267942583732,0.8273169235203233,0.6684073107049608,0.5774436090225564,0.7933884297520661,0.6456068006846643,0.5945378151260504,0.7237851662404092,0.5044563279857398,0.6891246793251787,0.9705304518664047,0.9991909385113269,0.9434682964094728,0.9968366025079659,0.6496815286624203,0.5,0.9272727272727272,0.9429732101120382
RF,0.7197553262746734,0.9705535924617197,0.6570557597279116,0.6952663483246196,0.7808415179904064,0.7971734148204737,0.8065855924639322,"{'n_estimators': [100], 'max_depth': [10]}","['mfcc_mean', 'wav_detail_lvl5_std', 'wav_approx_std', 'mfcc_1', 'spec_kurtosis', 'mfcc_var', 'wav_detail_lvl4_std']",0.7331786542923434,0.7117117117117117,0.7559808612440191,0.8055902976124112,0.6245551601423488,0.5484375,0.7252066115702479,0.5934350285474455,0.591002044989775,0.6930455635491607,0.5151515151515151,0.6813168303273918,0.9705535924617197,0.9983844911147012,0.9442322383498855,0.9971142587032474,0.6794871794871795,0.5247524752475248,0.9636363636363636,0.9554715471291655
RF,0.7197241151722293,0.9717425431711146,0.656719508172508,0.6966390946373424,0.7842220037210186,0.806340718105424,0.8126224819318807,"{'n_estimators': [100], 'max_depth': [10]}","['wav_detail_lvl5_std', 'wav_approx_std', 'spec_skew', 'mfcc_1', 'NDSI', 'wav_detail_lvl3_std', 'wav_detail_lvl4_std']",0.7293577981651376,0.7004405286343612,0.7607655502392344,0.7978649891461301,0.6589902568644819,0.5767441860465117,0.768595041322314,0.6395006569474504,0.604989604989605,0.7256857855361596,0.5187165775401069,0.6969362821092983,0.9717425431711146,0.9991928974979822,0.9457601222307105,0.9974061782684263,0.6335403726708074,0.4811320754716981,0.9272727272727272,0.9314043031880983
RF,0.7196862387436603,0.9717868338557993,0.6566610899656256,0.6980702146865257,0.7811843536892791,0.8025210084033614,0.816101368730273,"{'n_estimators': [100], 'max_depth': [10]}","['mfcc_mean', 'wav_detail_lvl5_std', 'mfcc_1', 'NDSI', 'spec_kurtosis', 'mfcc_var']",0.7175925925925926,0.695067264573991,0.7416267942583732,0.8061530366546716,0.652668416447944,0.5660091047040972,0.7706611570247934,0.6384640846220955,0.5897166841552991,0.7168367346938775,0.5008912655971479,0.6903623123841834,0.9717868338557993,0.997586484312148,0.9472880061115355,0.9979079425561821,0.6666666666666666,0.5148514851485149,0.9454545454545454,0.947619467434232
RF,0.7195968314717507,0.9709576138147566,0.6567566358859993,0.7008252952330383,0.7793817553119552,0.8036669213139801,0.8087530182324528,"{'n_estimators': [100], 'max_depth': [10]}","['mfcc_mean', 'wav_detail_lvl5_std', 'wav_approx_std', 'spec_skew', 'mfcc_1', 'NDSI', 'mfcc_var']",0.7213114754098361,0.7064220183486238,0.7368421052631579,0.7866126165498407,0.6563039723661486,0.5637982195845698,0.7851239669421488,0.6223259224086263,0.5955649419218585,0.7305699481865285,0.5026737967914439,0.6839810922332296,0.9709576138147566,0.9983857949959645,0.944996180290298,0.9979804323507434,0.6538461538461539,0.504950495049505,0.9272727272727272,0.9528650276198244
RF,0.719596734828442,0.9757433489827856,0.655560081289856,0.6990756185172025,0.7849454945092434,0.8109243697478992,0.8094785499839041,"{'n_estimators': [100], 'max_depth': [10]}","['mfcc_mean', 'spec_skew', 'mfcc_1', 'NDSI', 'wav_detail_lvl3_std', 'wav_detail_lvl4_std']",0.7175925925925926,0.695067264573991,0.7416267942583732,0.7840345628977641,0.6748681898066784,0.5871559633027523,0.7933884297520661,0.6441742276375116,0.604012671594509,0.7409326424870466,0.5098039215686274,0.7061926083990113,0.9757433489827856,1.0,0.9526355996944232,0.9978294642819616,0.6257668711656442,0.4722222222222222,0.9272727272727272,0.915161886703272
RF,0.7195842784580677,0.9721459395841506,0.656443863176547,0.7005073453272116,0.7821666709310953,0.8067226890756303,0.8156837741835755,"{'n_estimators': [100], 'max_depth': [10]}","['mfcc_mean', 'wav_detail_lvl5_std', 'spec_skew', 'NDSI', 'mfcc_var', 'wav_detail_lvl3_std']",0.7129629629629629,0.6905829596412556,0.7368421052631579,0.7915949715037942,0.6672428694900605,0.5735512630014858,0.7975206611570248,0.6454165079398457,0.6,0.7440633245382586,0.5026737967914439,0.7009186061973551,0.9721459395841506,0.9991935483870967,0.946524064171123,0.9971143118344759,0.6455696202531646,0.49514563106796117,0.9272727272727272,0.9433744734424067
RF,0.7195329772926382,0.9717203456402199,0.6564861352057427,0.7014722910336337,0.7806610839203014,0.8051948051948052,0.8093016995130748,"{'n_estimators': [100], 'max_depth': [10]}","['mfcc_mean', 'wav_approx_std', 'NDSI', 'mfcc_var', 'wav_detail_lvl3_std']",0.7116279069767442,0.6923076923076923,0.7320574162679426,0.7838697532859171,0.6649528706083976,0.568081991215227,0.8016528925619835,0.6258141910412051,0.5955176093916755,0.7420212765957447,0.49732620320855614,0.718408503344152,0.9717203456402199,1.0,0.944996180290298,0.9974665554752972,0.6538461538461539,0.504950495049505,0.9272727272727272,0.9209494944188027
RF,0.7194793216424071,0.9678935003915426,0.6573757769551233,0.7000807197763257,0.7770064319768795,0.7987012987012987,0.8171262309297627,"{'n_estimators': [100], 'max_depth': [10]}","['mfcc_mean', 'wav_detail_lvl5_std', 'spec_skew', 'mfcc_1', 'NDSI', 'spec_kurtosis', 'mfcc_var']",0.7303102625298329,0.7285714285714285,0.7320574162679426,0.8189898979820893,0.6434176111595467,0.5565610859728507,0.762396694214876,0.6302495477033146,0.5848074921956296,0.7025,0.5008912655971479,0.6791516159736706,0.9678935003915426,0.9927710843373494,0.9442322383498855,0.9980109980295642,0.6709677419354839,0.52,0.9454545454545454,0.9592290949601742
RF,0.7194383736283505,0.9721677773422187,0.6562560226998835,0.6977903246143802,0.7781249672552797,0.8021390374331551,0.8042375198220368,"{'n_estimators': [100], 'max_depth': [10]}","['mfcc_mean', 'wav_detail_lvl5_std', 'wav_approx_std', 'spec_skew', 'mfcc_1', 'NDSI', 'mfcc_var', 'wav_detail_lvl4_std']",0.7268518518518519,0.7040358744394619,0.7511961722488039,0.7786231794942904,0.6384479717813051,0.556923076923077,0.7479338842975206,0.6065002067216193,0.6016597510373444,0.7196029776674938,0.5169340463458111,0.6888291539956223,0.9721677773422187,0.998389694041868,0.9472880061115355,0.9979518726287055,0.6580645161290323,0.51,0.9272727272727272,0.9492831862699462
RF,0.7193970657741591,0.9692913385826771,0.6569234975720296,0.6977312694111387,0.7799329266286767,0.8021390374331551,0.7994804178265645,"{'n_estimators': [100], 'max_depth': [10]}","['mfcc_mean', 'spec_skew', 'NDSI', 'spec_kurtosis', 'wav_detail_lvl3_std']",0.6636771300448431,0.6244725738396625,0.7081339712918661,0.7479416812147467,0.6843910806174958,0.5850439882697948,0.8243801652892562,0.6505171285869559,0.5769230769230769,0.72,0.48128342245989303,0.6802223137745947,0.9692913385826771,1.0,0.9404125286478228,0.9960983612018155,0.7027027027027027,0.5591397849462365,0.9454545454545454,0.9226226043547099
RF,0.7193967191743774,0.9681227863046045,0.6572152023918207,0.6966156288484721,0.7800446181082263,0.7952635599694423,0.7967217145071601,"{'n_estimators': [100], 'max_depth': [10]}","['mfcc_mean', 'wav_detail_lvl5_std', 'mfcc_1', 'spec_kurtosis', 'mfcc_var']",0.7172413793103448,0.6902654867256637,0.7464114832535885,0.7445994822472031,0.6383347788378144,0.5500747384155455,0.7603305785123967,0.5907947667581157,0.5759162303664922,0.6979695431472082,0.49019607843137253,0.6877267263326703,0.9681227863046045,0.9983766233766234,0.9396485867074102,0.9964942095268065,0.6973684210526315,0.5463917525773195,0.9636363636363636,0.9639933876710053
RF,0.7193419664856432,0.9666274047899489,0.6575206069095667,0.6945660572678312,0.7787338545683606,0.7979373567608862,0.8062182145380585,"{'n_estimators': [100], 'max_depth': [10]}","['mfcc_mean', 'wav_detail_lvl5_std', 'spec_skew', 'mfcc_1', 'spec_kurtosis', 'wav_detail_lvl4_std']",0.704225352112676,0.6912442396313364,0.7177033492822966,0.7888918593980444,0.6548042704626335,0.575,0.7603305785123967,0.6156639369632746,0.582741116751269,0.6768867924528302,0.5115864527629234,0.6671304430037239,0.9666274047899489,0.994345718901454,0.9404125286478228,0.9963860791654887,0.6883116883116883,0.5353535353535354,0.9636363636363636,0.9630187541597615
RF,0.7193132041348221,0.9801324503311258,0.6541083925857462,0.6947851166171133,0.7824713339011116,0.8105423987776929,0.8232039601473838,"{'n_estimators': [100], 'max_depth': [10]}","['NDSI', 'mfcc_var', 'wav_detail_lvl3_std', 'wav_detail_lvl4_std']",0.715261958997722,0.6826086956521739,0.7511961722488039,0.817377750084773,0.662431941923775,0.5906148867313916,0.7541322314049587,0.6711192880648617,0.6012396694214877,0.714987714987715,0.5187165775401069,0.7095069300491426,0.9801324503311258,1.0,0.961038961038961,0.9979929088109926,0.6375,0.4857142857142857,0.9272727272727272,0.9200229237271491
RF,0.7191937215632856,0.9647058823529412,0.6578156813658719,0.7044456513898829,0.7830944522219501,0.7998472116119175,0.8079094518162071,"{'n_estimators': [100], 'max_depth': [10]}","['mfcc_mean', 'mfcc_1', 'spec_kurtosis', 'mfcc_var', 'wav_detail_lvl3_std', 'wav_detail_lvl4_std']",0.7435294117647059,0.7314814814814815,0.7559808612440191,0.7945355776215648,0.6486028789161727,0.5494978479196556,0.7913223140495868,0.5997260734967286,0.5891304347826087,0.754874651810585,0.483065953654189,0.7078162389218519,0.9647058823529412,0.9911361804995971,0.9396485867074102,0.9966599085106239,0.65,0.49523809523809526,0.9454545454545454,0.9408094605302666
RF,0.7191758204931754,0.9695074276778733,0.656592918697001,0.6926576421195817,0.7780231326980552,0.7952635599694423,0.8074464170433308,"{'n_estimators': [100], 'max_depth': [10]}","['wav_detail_lvl5_std', 'mfcc_1', 'NDSI', 'spec_kurtosis']",0.7276785714285714,0.6820083682008368,0.7799043062200957,0.7947200747206893,0.6325247079964061,0.5596184419713831,0.7272727272727273,0.6272452242234886,0.5681818181818182,0.6756756756756757,0.49019607843137253,0.6521773522526805,0.9695074276778733,0.9927942353883107,0.9472880061115355,0.9978396082554283,0.697986577181208,0.5531914893617021,0.9454545454545454,0.9652498257643671
RF,0.719131972801188,0.9709347996857817,0.6561812660800396,0.6969663487653535,0.7836742073950067,0.8044308632543926,0.8123155776479429,"{'n_estimators': [100], 'max_depth': [10]}","['wav_detail_lvl5_std', 'wav_approx_std', 'spec_skew', 'mfcc_1', 'NDSI', 'wav_detail_lvl3_std']",0.7174887892376681,0.6751054852320675,0.7655502392344498,0.7899563929248692,0.6573426573426573,0.5696969696969697,0.7768595041322314,0.6423418835432984,0.6002120890774125,0.7408376963350786,0.5044563279857398,0.6959534965120435,0.9709347996857817,0.9991915925626516,0.9442322383498855,0.99742464922801,0.6496815286624203,0.5,0.9272727272727272,0.9359014660314933
RF,0.7190971606476473,0.9647058823529412,0.6576949802213238,0.6992636668727223,0.7792649952543,0.7998472116119175,0.8038762336144316,"{'n_estimators': [100], 'max_depth': [10]}","['mfcc_mean', 'spec_skew', 'spec_kurtosis', 'mfcc_var', 'wav_detail_lvl3_std', 'wav_detail_lvl4_std']",0.7169811320754716,0.7069767441860465,0.7272727272727273,0.7668740134601925,0.6574154379878577,0.5665171898355755,0.7830578512396694,0.6381039825437297,0.5897166841552991,0.7168367346938775,0.5008912655971479,0.6834976327182526,0.9647058823529412,0.9911361804995971,0.9396485867074102,0.9962879037342611,0.6666666666666666,0.5148514851485149,0.9454545454545454,0.9346176356157216
RF,0.7190557288469707,0.9689098780007871,0.6565921915585167,0.6945509473357058,0.7786754318952461,0.7994652406417112,0.8091077387688097,"{'n_estimators': [100], 'max_depth': [10]}","['mfcc_mean', 'wav_detail_lvl5_std', 'wav_approx_std', 'spec_skew', 'spec_kurtosis', 'mfcc_var', 'wav_detail_lvl3_std', 'wav_detail_lvl4_std']",0.7064439140811456,0.7047619047619048,0.7081339712918661,0.7903429654651137,0.6499552372426142,0.5734597156398105,0.75,0.6219386301292859,0.5948103792415169,0.6757369614512472,0.5311942959001783,0.6856861630410603,0.9689098780007871,0.9991883116883117,0.9404125286478228,0.9961988334153803,0.6751592356687898,0.5196078431372549,0.9636363636363636,0.9513721017932079
RF,0.7189584609778198,0.9683470105509965,0.6566113235845257,0.6961174935352383,0.7890347039207158,0.8021390374331551,0.8028885443441434,"{'n_estimators': [100], 'max_depth': [10]}","['mfcc_mean', 'wav_detail_lvl5_std', 'mfcc_1', 'mfcc_var', 'wav_detail_lvl3_std', 'wav_detail_lvl4_std']",0.7272727272727273,0.6776859504132231,0.784688995215311,0.766000453461391,0.6395039858281665,0.5596899224806201,0.7458677685950413,0.6074907462190998,0.6053475935828877,0.7566844919786097,0.5044563279857398,0.7015124750466212,0.9683470105509965,0.9912,0.946524064171123,0.9965335496318067,0.654320987654321,0.4953271028037383,0.9636363636363636,0.9429054973617983
RF,0.7189291748970446,0.9717203456402199,0.6557313822112507,0.6968461964392196,0.7800184345160421,0.8071046600458365,0.8149055190539978,"{'n_estimators': [100], 'max_depth': [10]}","['mfcc_mean', 'wav_approx_std', 'spec_skew', 'mfcc_1', 'NDSI', 'spec_kurtosis', 'wav_detail_lvl3_std', 'wav_detail_lvl4_std']",0.7075471698113207,0.6976744186046512,0.7177033492822966,0.8009247948023619,0.6678476527900797,0.5844961240310077,0.7789256198347108,0.6445030614776606,0.6100307062436029,0.7163461538461539,0.5311942959001783,0.7001347086891264,0.9717203456402199,1.0,0.944996180290298,0.9975437138296607,0.6375,0.4857142857142857,0.9272727272727272,0.9314213164711796
RF,0.7188837307229248,0.9631372549019608,0.6578203496781657,0.7082025263270303,0.7826362941870965,0.799083269671505,0.8014881315829543,"{'n_estimators': [100], 'max_depth': [10]}","['mfcc_mean', 'mfcc_1', 'spec_kurtosis', 'mfcc_var', 'wav_detail_lvl3_std']",0.7450980392156863,0.7638190954773869,0.7272727272727273,0.7764981850681253,0.6476510067114094,0.5451977401129944,0.7975206611570248,0.597994262886314,0.5921908893709328,0.7562326869806094,0.48663101604278075,0.6936206476441964,0.9631372549019608,0.9895245769540693,0.9381207028265852,0.9959706249169563,0.6463414634146342,0.48623853211009177,0.9636363636363636,0.9433569373991794
RF,0.718821695748544,0.9721240675304279,0.6554961028030731,0.6935859100320718,0.7802646138925339,0.8044308632543926,0.7991378199925735,"{'n_estimators': [100], 'max_depth': [10]}","['mfcc_mean', 'wav_detail_lvl5_std', 'wav_approx_std', 'spec_skew', 'NDSI', 'wav_detail_lvl3_std']",0.6935123042505593,0.6512605042016807,0.7416267942583732,0.7565125130512661,0.6684444444444444,0.5865834633385335,0.7768595041322314,0.6262838716051737,0.5933609958506224,0.7096774193548387,0.5098039215686274,0.6852776951142399,0.9721240675304279,1.0,0.9457601222307105,0.9964081814305662,0.6666666666666666,0.5204081632653061,0.9272727272727272,0.9312068387616209
RF,0.7188030774494872,0.9681728880157171,0.6564606248079298,0.697058392632232,0.7810486230159744,0.8002291825821237,0.8144479364608411,"{'n_estimators': [100], 'max_depth': [10]}","['wav_detail_lvl5_std', 'wav_approx_std', 'mfcc_1', 'NDSI', 'spec_kurtosis']",0.7205542725173211,0.6964285714285714,0.7464114832535885,0.8120380461164837,0.6445414847161572,0.5582450832072617,0.762396694214876,0.6297635243105514,0.5983263598326359,0.7240506329113924,0.5098039215686274,0.6779532708610119,0.9681728880157171,0.9967637540453075,0.9411764705882353,0.9970470293196992,0.6624203821656051,0.5098039215686274,0.9454545454545454,0.9554378116964594
RF,0.7187630762475127,0.9662745098039216,0.6568852178584104,0.6971391251710963,0.7881012204794924,0.8002291825821237,0.8233927726019543,"{'n_estimators': [100], 'max_depth': [10]}","['wav_detail_lvl5_std', 'mfcc_1', 'spec_kurtosis', 'mfcc_var', 'wav_detail_lvl3_std']",0.7346938775510204,0.6982758620689655,0.7751196172248804,0.8479278017973011,0.6475195822454308,0.5593984962406015,0.768595041322314,0.6241211922034942,0.5910064239828694,0.739946380697051,0.4919786096256685,0.6925270966247875,0.9662745098039216,0.9927477840451249,0.9411764705882353,0.9965336910601014,0.654320987654321,0.4953271028037383,0.9636363636363636,0.9558540813240872
RF,0.7186472729707687,0.9713388299960738,0.6554743837144423,0.6940055937373304,0.7758781859851378,0.799083269671505,0.8129572059626687,"{'n_estimators': [100], 'max_depth': [10]}","['wav_detail_lvl5_std', 'wav_approx_std', 'spec_skew', 'mfcc_1', 'NDSI', 'spec_kurtosis', 'wav_detail_lvl4_std']",0.7152941176470589,0.7037037037037037,0.7272727272727273,0.8015609322668454,0.6415094339622641,0.5675675675675675,0.737603305785124,0.6389150723226145,0.5897693079237714,0.6743119266055045,0.5240641711229946,0.6717229711910796,0.9713388299960738,0.9991922455573505,0.944996180290298,0.9972149873091805,0.6753246753246753,0.5252525252525253,0.9454545454545454,0.9553720667236237
RF,0.7186343558595805,0.969435736677116,0.6559340106551965,0.7004041573869382,0.7781817450773263,0.8029029793735676,0.8155438993184596,"{'n_estimators': [100], 'max_depth': [10]}","['mfcc_mean', 'wav_approx_std', 'spec_skew', 'NDSI', 'spec_kurtosis', 'mfcc_var', 'wav_detail_lvl3_std']",0.7251184834123223,0.7183098591549296,0.7320574162679426,0.8125087143586127,0.6603284356093345,0.5676077265973254,0.7892561983471075,0.6316746012978074,0.5886075949367089,0.7209302325581395,0.49732620320855614,0.6971715512863954,0.969435736677116,0.995172968624296,0.944996180290298,0.9975044365877452,0.6496815286624203,0.5,0.9272727272727272,0.938860193061737
RF,0.7185510008890703,0.9691526747364311,0.6559005824272301,0.7043932334971259,0.7815290413686136,0.8044308632543926,0.8179736731309213,"{'n_estimators': [100], 'max_depth': [10]}","['mfcc_mean', 'spec_skew', 'mfcc_1', 'NDSI', 'spec_kurtosis', 'mfcc_var', 'wav_detail_lvl3_std']",0.7307692307692307,0.7342995169082126,0.7272727272727273,0.8222010783964764,0.6569468267581475,0.5615835777126099,0.7913223140495868,0.6322376592144052,0.5978494623655914,0.7533875338753387,0.49554367201426025,0.7029400639685469,0.9691526747364311,0.9912140575079872,0.948051948051948,0.9977185189756603,0.6380368098159509,0.48148148148148145,0.9454545454545454,0.9347710450995177
RF,0.7184121480723368,0.9697445972495088,0.6555790357780439,0.6951580408262361,0.7804289040540097,0.7967914438502673,0.8013745236773593,"{'n_estimators': [100], 'max_depth': [10]}","['mfcc_mean', 'wav_detail_lvl5_std', 'wav_approx_std', 'spec_skew', 'mfcc_1', 'mfcc_var']",0.7139588100686499,0.6842105263157895,0.7464114832535885,0.7655678481866833,0.6363636363636364,0.5515151515151515,0.7520661157024794,0.6064496021963233,0.5836820083682008,0.7063291139240506,0.49732620320855614,0.6761364855491869,0.9697445972495088,0.9983818770226537,0.9427043544690603,0.9965282846097585,0.6883116883116883,0.5353535353535354,0.9636363636363636,0.9621903978448451
RF,0.7184059319331635,0.9709347996857817,0.6552737149950089,0.691363116875277,0.7737628222232782,0.8021390374331551,0.807547844704534,"{'n_estimators': [100], 'max_depth': [10]}","['mfcc_mean', 'wav_detail_lvl5_std', 'wav_approx_std', 'NDSI', 'spec_kurtosis', 'wav_detail_lvl3_std', 'wav_detail_lvl4_std']",0.6742596810933941,0.6434782608695652,0.7081339712918661,0.7766233217905082,0.6660600545950864,0.5951219512195122,0.756198347107438,0.6336343235538668,0.5962113659022931,0.6764705882352942,0.5329768270944741,0.6865381287901269,0.9709347996857817,0.9991915925626516,0.9442322383498855,0.9965657921684644,0.6845637583892618,0.5425531914893617,0.9272727272727272,0.9443776572197039
RF,0.7182863766714698,0.9631083202511774,0.657080890776543,0.7055388558710592,0.7796118395161458,0.7983193277310925,0.8041972938763996,"{'n_estimators': [100], 'max_depth': [10]}","['mfcc_mean', 'spec_kurtosis', 'mfcc_var', 'wav_detail_lvl3_std']",0.7272727272727273,0.7474747474747475,0.7081339712918661,0.7706168862880929,0.6486486486486487,0.5485714285714286,0.7933884297520661,0.6106210444889584,0.594017094017094,0.7413333333333333,0.49554367201426025,0.6945939131075096,0.9631083202511774,0.9903147699757869,0.9373567608861727,0.9957047667288303,0.6583850931677019,0.5,0.9636363636363636,0.9494498587686071
RF,0.7182144459377329,0.9705304518664047,0.6551354444555649,0.6985591817190164,0.7804454865895901,0.8044308632543926,0.8154162054816319,"{'n_estimators': [100], 'max_depth': [10]}","['wav_detail_lvl5_std', 'wav_approx_std', 'spec_skew', 'mfcc_1', 'NDSI', 'spec_kurtosis', 'wav_detail_lvl3_std']",0.7281323877068558,0.719626168224299,0.7368421052631579,0.8087302288373295,0.65970409051349,0.5699248120300752,0.7830578512396694,0.6490092353757632,0.5991649269311065,0.7229219143576826,0.5115864527629234,0.6824426903682794,0.9705304518664047,0.9991909385113269,0.9434682964094728,0.9969628117016287,0.6335403726708074,0.4811320754716981,0.9272727272727272,0.9399360611251586
RF,0.7181214490952833,0.9709347996857817,0.6549181114476588,0.6942759040776403,0.775325735339808,0.8036669213139801,0.8060239105452952,"{'n_estimators': [100], 'max_depth': [10]}","['mfcc_mean', 'wav_detail_lvl5_std', 'wav_approx_std', 'NDSI', 'spec_kurtosis', 'wav_detail_lvl3_std']",0.6758620689655173,0.6504424778761062,0.7033492822966507,0.7710011405217446,0.6713906111603188,0.5875968992248062,0.7830578512396694,0.6350210259326305,0.5969230769230769,0.7028985507246377,0.5187165775401069,0.6864139518885093,0.9709347996857817,0.9991915925626516,0.9442322383498855,0.9959457094314547,0.6754966887417219,0.53125,0.9272727272727272,0.9417377249521366
RF,0.718115597350512,0.9689098780007871,0.6554170271879434,0.699609441567139,0.7812869680277504,0.7998472116119175,0.8165770840795386,"{'n_estimators': [100], 'max_depth': [10]}","['mfcc_mean', 'wav_detail_lvl5_std', 'wav_approx_std', 'spec_skew', 'mfcc_1', 'spec_kurtosis', 'mfcc_var', 'wav_detail_lvl3_std']",0.7259615384615384,0.7294685990338164,0.722488038277512,0.8296362919840483,0.6407599309153713,0.5504451038575667,0.7665289256198347,0.6130684654392407,0.6006256517205423,0.7236180904522613,0.5133689839572193,0.692861101490208,0.9689098780007871,0.9991883116883117,0.9404125286478228,0.9968951785354835,0.654320987654321,0.4953271028037383,0.9636363636363636,0.9504243829487126
RF,0.7179914564530488,0.9777430691136275,0.6530535532879042,0.6962529583440631,0.7889363296427748,0.8086325439266616,0.8275703796374211,"{'n_estimators': [100], 'max_depth': [10]}","['mfcc_1', 'NDSI', 'wav_detail_lvl3_std']",0.7198275862068966,0.6549019607843137,0.7990430622009569,0.8112930647199984,0.6719298245614035,0.5838414634146342,0.7913223140495868,0.66254685555763,0.5789473684210527,0.7521367521367521,0.47058823529411764,0.7383853215650424,0.9777430691136275,1.0,0.9564553093964858,0.9984770310117289,0.6415094339622641,0.49038461538461536,0.9272727272727272,0.9271496253327054
RF,0.7179855941962427,0.971764705882353,0.6545408162747153,0.6952385211369109,0.7860772373325146,0.8032849503437739,0.8112212002098085,"{'n_estimators': [100], 'max_depth': [10]}","['mfcc_mean', 'wav_detail_lvl5_std', 'mfcc_1', 'NDSI', 'mfcc_var', 'wav_detail_lvl3_std']",0.726457399103139,0.6835443037974683,0.7751196172248804,0.7781103615000812,0.648506151142355,0.5642201834862385,0.762396694214876,0.6287010184231145,0.5972369819341127,0.7394736842105263,0.5008912655971479,0.7118137160049814,0.971764705882353,0.9983883964544722,0.946524064171123,0.997787864303706,0.6459627329192547,0.49056603773584906,0.9454545454545454,0.9396930408171591
RF,0.7178750431281231,0.9668769716088328,0.6556245610079457,0.6908607087402303,0.7800471158450332,0.7906799083269671,0.8055381951651986,"{'n_estimators': [100], 'max_depth': [10]}","['wav_detail_lvl5_std', 'wav_approx_std', 'mfcc_1', 'spec_kurtosis']",0.7309417040358744,0.6877637130801688,0.7799043062200957,0.8079364458046321,0.6261022927689595,0.5461538461538461,0.7334710743801653,0.6144474046385231,0.5634674922600619,0.6691176470588235,0.48663101604278075,0.660832042530091,0.9668769716088328,0.9991850040749797,0.9365928189457601,0.9966787272259499,0.7019867549668874,0.5520833333333334,0.9636363636363636,0.9477963556267972
RF,0.7178307734373082,0.9692913385826771,0.654965632150966,0.6954262629816818,0.7799585132008435,0.7967914438502673,0.798313730433563,"{'n_estimators': [100], 'max_depth': [10]}","['mfcc_mean', 'wav_approx_std', 'mfcc_var', 'wav_detail_lvl3_std']",0.7210884353741497,0.6853448275862069,0.7607655502392344,0.7822579875591267,0.6418685121107266,0.5520833333333334,0.7665289256198347,0.5857130990133101,0.5771670190274841,0.7090909090909091,0.48663101604278075,0.7007764574515567,0.9692913385826771,1.0,0.9404125286478228,0.996376573431311,0.6797385620915033,0.5306122448979592,0.9454545454545454,0.9264445347125108
RF,0.7178307066183742,0.9739401011279658,0.6538033579909763,0.6960591343703698,0.7805563861038107,0.8036669213139801,0.8223014458911413,"{'n_estimators': [100], 'max_depth': [10]}","['spec_skew', 'NDSI', 'spec_kurtosis', 'mfcc_var', 'wav_detail_lvl3_std', 'wav_detail_lvl4_std']",0.7370892018779343,0.7235023041474654,0.7511961722488039,0.8319442422889864,0.6517857142857143,0.5738993710691824,0.7541322314049587,0.654850451427059,0.5803757828810021,0.7002518891687658,0.49554367201426025,0.6969583275170689,0.9739401011279658,0.9920760697305864,0.9564553093964858,0.9975502099998013,0.6459627329192547,0.49056603773584906,0.9454545454545454,0.930203998222791
RF,0.7177770056418469,0.9666274047899489,0.6555644058548213,0.6956933051961608,0.7758788195574011,0.7914438502673797,0.8102321442608649,"{'n_estimators': [100], 'max_depth': [10]}","['mfcc_mean', 'wav_detail_lvl5_std', 'spec_skew', 'mfcc_1', 'spec_kurtosis', 'mfcc_var']",0.7272727272727273,0.7090909090909091,0.7464114832535885,0.7821457629457711,0.6278260869565218,0.5420420420420421,0.7458677685950413,0.622738138227249,0.5651720542231491,0.6809045226130653,0.483065953654189,0.6807203922597156,0.9666274047899489,0.994345718901454,0.9404125286478228,0.9959911854529656,0.7019867549668874,0.5520833333333334,0.9636363636363636,0.9695652424186225
RF,0.7177549078976664,0.9685534591194969,0.6550552700922088,0.6956531275027233,0.7842385009680253,0.8002291825821237,0.816160237834867,"{'n_estimators': [100], 'max_depth': [10]}","['wav_detail_lvl5_std', 'wav_approx_std', 'spec_skew', 'spec_kurtosis', 'mfcc_var', 'wav_detail_lvl3_std']",0.7110091743119266,0.6828193832599119,0.7416267942583732,0.8108491174704956,0.6556808326105811,0.5650224215246636,0.78099173553719,0.6361903465600027,0.586864406779661,0.7232375979112271,0.49376114081996436,0.6899287911949672,0.9685534591194969,0.9975708502024292,0.9411764705882353,0.9959545585621062,0.6666666666666666,0.5096153846153846,0.9636363636363636,0.947878375386764
RF,0.7177211535240253,0.9735408560311284,0.6537662278972496,0.7004870627063429,0.781351494925939,0.8082505729564553,0.8201049719547886,"{'n_estimators': [100], 'max_depth': [10]}","['spec_skew', 'mfcc_1', 'NDSI', 'spec_kurtosis', 'mfcc_var', 'wav_detail_lvl3_std', 'wav_detail_lvl4_std']",0.7311320754716981,0.7209302325581395,0.7416267942583732,0.8357227713113828,0.6643295354951797,0.5768645357686454,0.7830578512396694,0.6384724117710824,0.5976520811099253,0.7446808510638298,0.49910873440285203,0.6943261586925573,0.9735408560311284,0.9920697858842189,0.9556913674560733,0.9979976843426074,0.6219512195121951,0.46788990825688076,0.9272727272727272,0.9340058336563131
RF,0.7177088060678912,0.9721677773422187,0.6540940632493093,0.69555497433076,0.778705014846304,0.8002291825821237,0.806022093892975,"{'n_estimators': [100], 'max_depth': [10]}","['mfcc_mean', 'wav_detail_lvl5_std', 'spec_skew', 'mfcc_1', 'NDSI', 'mfcc_var']",0.7192575406032483,0.6981981981981982,0.7416267942583732,0.7751736137869926,0.6444249341527656,0.5603053435114503,0.7582644628099173,0.6210898502597947,0.5860271115745568,0.7060301507537688,0.5008912655971479,0.6847819019717662,0.9721677773422187,0.998389694041868,0.9472880061115355,0.997697324916477,0.6666666666666666,0.5148514851485149,0.9454545454545454,0.9513677785298441
RF,0.7176769991119489,0.966495861253449,0.6554722835765738,0.6922286283317253,0.7858693403416174,0.7987012987012987,0.8204740073514468,"{'n_estimators': [100], 'max_depth': [10]}","['wav_detail_lvl5_std', 'mfcc_1', 'spec_kurtosis', 'wav_detail_lvl3_std', 'wav_detail_lvl4_std']",0.7344110854503464,0.7098214285714286,0.7607655502392344,0.8293189725356283,0.6507515473032714,0.5687789799072643,0.7603305785123967,0.6336587433660685,0.5864197530864198,0.6934306569343066,0.5080213903743316,0.684247507588426,0.966495861253449,0.998371335504886,0.9365928189457601,0.9968442461121868,0.6503067484662577,0.49074074074074076,0.9636363636363636,0.958300567154924
RF,0.7176272106570946,0.9702427564604542,0.6544733242062547,0.7004744237144661,0.7782967871794215,0.8017570664629489,0.8153037729976752,"{'n_estimators': [100], 'max_depth': [10]}","['mfcc_mean', 'spec_skew', 'mfcc_1', 'NDSI', 'spec_kurtosis', 'wav_detail_lvl3_std']",0.7125890736342043,0.7075471698113207,0.7177033492822966,0.800790453713424,0.6586620926243568,0.5630498533724341,0.7933884297520661,0.646192167688637,0.5842217484008528,0.726790450928382,0.48841354723707664,0.6943753628263963,0.9702427564604542,0.9951807228915662,0.946524064171123,0.9976063891633978,0.6624203821656051,0.5098039215686274,0.9454545454545454,0.937554491596521
RF,0.7175857252563963,0.9666535896429973,0.655318759159746,0.6942660054204555,0.7842184581531614,0.7971734148204737,0.8236234791107758,"{'n_estimators': [100], 'max_depth': [10]}","['wav_detail_lvl5_std', 'spec_skew', 'spec_kurtosis', 'mfcc_var', 'wav_detail_lvl3_std']",0.7191011235955056,0.6779661016949152,0.7655502392344498,0.8361672827089952,0.6521739130434783,0.5630630630630631,0.7747933884297521,0.6420170996087364,0.5705128205128205,0.712,0.47593582887700536,0.6844896860584853,0.9666535896429973,0.9935483870967742,0.9411764705882353,0.9958418746385747,0.6794871794871795,0.5247524752475248,0.9636363636363636,0.9596014525390882
RF,0.7175463025394236,0.968503937007874,0.6548068939223111,0.6901444329501264,0.788297140517799,0.8013750954927426,0.8166744527050366,"{'n_estimators': [100], 'max_depth': [10]}","['wav_detail_lvl5_std', 'wav_approx_std', 'mfcc_1', 'spec_kurtosis', 'wav_detail_lvl3_std', 'wav_detail_lvl4_std']",0.7268623024830699,0.688034188034188,0.7703349282296651,0.824912756521467,0.6474820143884892,0.5732484076433121,0.743801652892562,0.6316980814999674,0.6024590163934426,0.708433734939759,0.5240641711229946,0.6852227707543933,0.968503937007874,0.9991876523151909,0.9396485867074102,0.9962560968204094,0.6424242424242425,0.4818181818181818,0.9636363636363636,0.9452825579289462
RF,0.7174966179335627,0.9689343295320487,0.6546371900339412,0.6944465744184944,0.7770606145894634,0.793353705118411,0.8057089983949787,"{'n_estimators': [100], 'max_depth': [10]}","['mfcc_mean', 'wav_detail_lvl5_std', 'wav_approx_std', 'mfcc_1', 'spec_kurtosis', 'mfcc_var']",0.7341176470588235,0.7222222222222222,0.7464114832535885,0.810953898344554,0.6226912928759895,0.5421133231240429,0.731404958677686,0.5928012950824735,0.5778688524590164,0.6795180722891566,0.5026737967914439,0.6730378589557006,0.9689343295320487,0.9983792544570502,0.9411764705882353,0.9970920917682896,0.6838709677419355,0.53,0.9636363636363636,0.9546598478238756
RF,0.7174710014391066,0.9721240675304279,0.6538077349162762,0.692976923918396,0.7831874533197359,0.8036669213139801,0.8056754367230216,"{'n_estimators': [100], 'max_depth': [10]}","['mfcc_mean', 'wav_detail_lvl5_std', 'wav_approx_std', 'mfcc_1', 'NDSI', 'mfcc_var', 'wav_detail_lvl3_std', 'wav_detail_lvl4_std']",0.7232142857142857,0.6778242677824268,0.7751196172248804,0.7850767371358982,0.650088809946714,0.5700934579439252,0.756198347107438,0.6021708274410261,0.600418410041841,0.7265822784810126,0.5115864527629234,0.7098662686246915,0.9721240675304279,1.0,0.9457601222307105,0.9977581685387903,0.6415094339622641,0.49038461538461536,0.9272727272727272,0.9335051818747025
RF,0.7174362311117083,0.968147856861974,0.6547583246741417,0.6925854408495379,0.7759926798035439,0.7971734148204737,0.7979091704946719,"{'n_estimators': [100], 'max_depth': [10]}","['mfcc_mean', 'wav_detail_lvl5_std', 'mfcc_1', 'spec_kurtosis', 'wav_detail_lvl4_std']",0.7,0.6966824644549763,0.7033492822966507,0.749035547036231,0.6517457475380484,0.5750394944707741,0.7520661157024794,0.6050072614011133,0.5834165834165834,0.6636363636363637,0.5204991087344029,0.6770748196772352,0.968147856861974,0.9975688816855753,0.9404125286478228,0.996427007122587,0.6838709677419355,0.53,0.9636363636363636,0.962001217236193
RF,0.7174348274085395,0.9729305610043154,0.6535608940095956,0.6918744594896947,0.7834913243244231,0.8059587471352178,0.8097128657261846,"{'n_estimators': [100], 'max_depth': [10]}","['wav_detail_lvl5_std', 'wav_approx_std', 'NDSI', 'mfcc_var', 'wav_detail_lvl3_std', 'wav_detail_lvl4_std']",0.7095343680709535,0.6611570247933884,0.7655502392344498,0.7777643988923829,0.6516651665166516,0.5773524720893142,0.7479338842975206,0.6325632425987333,0.6155440414507772,0.7351485148514851,0.5294117647058824,0.7101094962185739,0.9729305610043154,1.0,0.9472880061115355,0.9975132974327846,0.6375,0.4857142857142857,0.9272727272727272,0.9306138934884484
RF,0.7173723358963778,0.9669811320754716,0.6549701368516044,0.6935957223212954,0.7857674814162289,0.7994652406417112,0.8255241815220234,"{'n_estimators': [100], 'max_depth': [10]}","['wav_detail_lvl5_std', 'spec_kurtosis', 'mfcc_var', 'wav_detail_lvl3_std', 'wav_detail_lvl4_std']",0.7361111111111112,0.7130044843049327,0.7607655502392344,0.8453333221553765,0.6484581497797357,0.565284178187404,0.7603305785123967,0.6481987919292588,0.5889698231009365,0.7075,0.5044563279857398,0.6881975733878846,0.9669811320754716,0.9959514170040485,0.9396485867074102,0.9965521312663139,0.6463414634146342,0.48623853211009177,0.9636363636363636,0.9493390888712838
RF,0.7173150419835205,0.9717425431711146,0.6537081666866218,0.6974938039133978,0.7790458401716494,0.8055767761650114,0.8098436199702018,"{'n_estimators': [100], 'max_depth': [10]}","['mfcc_mean', 'wav_detail_lvl5_std', 'wav_approx_std', 'spec_skew', 'mfcc_1', 'NDSI', 'wav_detail_lvl3_std']",0.7089201877934272,0.695852534562212,0.722488038277512,0.7939242855956176,0.6602620087336245,0.5718608169440242,0.78099173553719,0.6230504990013842,0.6081504702194357,0.7348484848484849,0.5187165775401069,0.695772931286941,0.9717425431711146,0.9991928974979822,0.9457601222307105,0.9976933198779565,0.6375,0.4857142857142857,0.9272727272727272,0.93877706408911
RF,0.7172960589438727,0.9721677773422187,0.6535781293442862,0.695644520163502,0.7872475184071018,0.8067226890756303,0.8220153873822857,"{'n_estimators': [100], 'max_depth': [10]}","['wav_detail_lvl5_std', 'spec_skew', 'mfcc_1', 'NDSI', 'wav_detail_lvl3_std', 'wav_detail_lvl4_std']",0.7214611872146118,0.6899563318777293,0.7559808612440191,0.8075411492010309,0.6654960491659351,0.5786259541984733,0.7830578512396694,0.6652730988548685,0.6008492569002123,0.7427821522309711,0.5044563279857398,0.6931260463247477,0.9721677773422187,0.998389694041868,0.9472880061115355,0.9976967132521127,0.6265060240963856,0.46846846846846846,0.9454545454545454,0.946439929278669
RF,0.7172784296581525,0.9805295950155763,0.6514656383187964,0.6956403043603364,0.7823648450245692,0.8101604278074866,0.8164876389641327,"{'n_estimators': [100], 'max_depth': [10]}","['mfcc_1', 'NDSI', 'mfcc_var', 'wav_detail_lvl3_std', 'wav_detail_lvl4_std']",0.7120181405895691,0.6767241379310345,0.7511961722488039,0.8082318321044217,0.6637010676156584,0.5828125,0.7706611570247934,0.6396234683814639,0.5966029723991507,0.7375328083989501,0.5008912655971479,0.7183343041871609,0.9805295950155763,1.0,0.9618029029793735,0.9983797120045974,0.6335403726708074,0.4811320754716981,0.9272727272727272,0.9178688781430193
RF,0.7171540305554254,0.9689098780007871,0.654215068694085,0.6899032101036507,0.7791423868372925,0.7964094728800611,0.8139201062527647,"{'n_estimators': [100], 'max_depth': [10]}","['wav_detail_lvl5_std', 'wav_approx_std', 'spec_skew', 'spec_kurtosis', 'mfcc_var', 'wav_detail_lvl3_std', 'wav_detail_lvl4_std']",0.7064220183486238,0.6784140969162996,0.7368421052631579,0.8125200136745104,0.6427289048473968,0.5682539682539682,0.7396694214876033,0.6368464353626553,0.5838383838383838,0.6736596736596736,0.5151515151515151,0.672109180807728,0.9689098780007871,0.9991883116883117,0.9404125286478228,0.9964373630860228,0.6838709677419355,0.53,0.9636363636363636,0.9516875383329065
RF,0.7171022298381151,0.9672841939298384,0.6545567388151843,0.6920941983719432,0.7803601614634543,0.7964094728800611,0.808342902765123,"{'n_estimators': [100], 'max_depth': [10]}","['wav_detail_lvl5_std', 'wav_approx_std', 'spec_kurtosis', 'mfcc_var']",0.7178329571106095,0.6794871794871795,0.7607655502392344,0.805062718478293,0.647985989492119,0.5623100303951368,0.7644628099173554,0.6165020934051644,0.5770833333333333,0.6942355889724311,0.49376114081996436,0.668207133084453,0.9672841939298384,0.999185667752443,0.9373567608861727,0.9961396130320015,0.6753246753246753,0.5252525252525253,0.9454545454545454,0.9558029558257026
RF,0.7170493093086476,0.970102281667978,0.653786066218815,0.6998743916268465,0.7780801907539876,0.8021390374331551,0.8125152493522206,"{'n_estimators': [100], 'max_depth': [10]}","['mfcc_mean', 'wav_approx_std', 'mfcc_1', 'NDSI', 'spec_kurtosis', 'wav_detail_lvl3_std']",0.7169811320754716,0.7069767441860465,0.7272727272727273,0.8073950778074389,0.6621276595744681,0.5629522431259045,0.8037190082644629,0.6202712611644082,0.5863539445628998,0.7294429708222812,0.49019607843137253,0.6957500355012849,0.970102281667978,1.0,0.9419404125286478,0.9973872648684933,0.6496815286624203,0.5,0.9272727272727272,0.9417726074194777
RF,0.717033846257711,0.9717425431711146,0.6533566720293602,0.6933337350158688,0.781046710115103,0.8029029793735676,0.8123349284347503,"{'n_estimators': [100], 'max_depth': [10]}","['wav_detail_lvl5_std', 'wav_approx_std', 'spec_skew', 'mfcc_1', 'NDSI', 'mfcc_var', 'wav_detail_lvl3_std', 'wav_detail_lvl4_std']",0.7339449541284404,0.7048458149779736,0.7655502392344498,0.8018100924681593,0.6447016918967052,0.5665101721439749,0.7479338842975206,0.6359807277348201,0.6012396694214877,0.714987714987715,0.5187165775401069,0.6902189898618734,0.9717425431711146,0.9991928974979822,0.9457601222307105,0.9977629066251,0.6335403726708074,0.4811320754716981,0.9272727272727272,0.9359019254837984
RF,0.7169829354341918,0.9717425431711146,0.653293033499961,0.700486218786662,0.7785588424147388,0.8055767761650114,0.8136153970781868,"{'n_estimators': [100], 'max_depth': [10]}","['mfcc_mean', 'wav_detail_lvl5_std', 'wav_approx_std', 'spec_skew', 'mfcc_1', 'NDSI', 'mfcc_var', 'wav_detail_lvl3_std']",0.7159904534606205,0.7142857142857143,0.7177033492822966,0.79870101364438,0.6557377049180327,0.562962962962963,0.7851239669421488,0.6325084194380696,0.6118143459915611,0.7493540051679587,0.5169340463458111,0.6989815600898275,0.9717425431711146,0.9991928974979822,0.9457601222307105,0.9975591459400058,0.6296296296296297,0.4766355140186916,0.9272727272727272,0.9403268462786512
RF,0.7169604594515963,0.9670588235294117,0.6544358684321423,0.6941112467463807,0.7732978045502673,0.7964094728800611,0.80712592939229,"{'n_estimators': [100], 'max_depth': [10]}","['mfcc_mean', 'wav_approx_std', 'spec_skew', 'spec_kurtosis', 'mfcc_var', 'wav_detail_lvl4_std']",0.6857142857142857,0.6824644549763034,0.6889952153110048,0.7907534166204317,0.6513274336283186,0.5696594427244582,0.7603305785123967,0.6411485592350255,0.5833333333333334,0.6784869976359338,0.5115864527629234,0.6689990714629255,0.9670588235294117,0.9935535858178888,0.9419404125286478,0.997078586315269,0.6973684210526315,0.5463917525773195,0.9636363636363636,0.937650013327799
RF,0.716954459297175,0.9675146771037182,0.6543144048455393,0.6902306057738172,0.7839741673093771,0.7967914438502673,0.8029592293533371,"{'n_estimators': [100], 'max_depth': [10]}","['mfcc_mean', 'wav_detail_lvl5_std', 'mfcc_var', 'wav_detail_lvl3_std', 'wav_detail_lvl4_std']",0.7208791208791209,0.6666666666666666,0.784688995215311,0.7629613301153685,0.6276978417266187,0.5557324840764332,0.7210743801652892,0.6184623796884422,0.593521421107628,0.7171717171717171,0.5062388591800356,0.6922760374528629,0.9675146771037182,0.9919743178170144,0.9442322383498855,0.9962240099645341,0.6751592356687898,0.5196078431372549,0.9636363636363636,0.9448723895454779
RF,0.7168966413927728,0.969363707776905,0.6537798747967398,0.6941473881016417,0.7760640907080536,0.7998472116119175,0.8223945289505183,"{'n_estimators': [100], 'max_depth': [10]}","['wav_detail_lvl5_std', 'wav_approx_std', 'spec_skew', 'NDSI', 'spec_kurtosis', 'mfcc_var', 'wav_detail_lvl3_std', 'wav_detail_lvl4_std']",0.7380952380952381,0.7345971563981043,0.7416267942583732,0.8304243919580184,0.647636039250669,0.5698587127158555,0.75,0.6514648948305871,0.5878787878787879,0.6783216783216783,0.5187165775401069,0.6910070176293681,0.969363707776905,0.9975747776879548,0.9427043544690603,0.9972503412211051,0.6415094339622641,0.49038461538461536,0.9272727272727272,0.9418259991135123
RF,0.716866716758082,0.9650843468026677,0.6548123092469356,0.6931624769485374,0.7813021981302308,0.7952635599694423,0.8218202306785868,"{'n_estimators': [100], 'max_depth': [10]}","['wav_detail_lvl5_std', 'spec_skew', 'mfcc_1', 'spec_kurtosis', 'wav_detail_lvl3_std']",0.7214611872146118,0.6899563318777293,0.7559808612440191,0.8391962316165025,0.6456692913385826,0.5599393019726859,0.762396694214876,0.6424458654805724,0.5726315789473684,0.699228791773779,0.48484848484848486,0.6754594114319556,0.9650843468026677,0.9919354838709677,0.9396485867074102,0.9962802457619012,0.6794871794871795,0.5247524752475248,0.9636363636363636,0.9557193991020024
RF,0.7168136619106555,0.9729305610043154,0.6527844371372407,0.6925161987454352,0.7822921669755332,0.8044308632543926,0.806703623376648,"{'n_estimators': [100], 'max_depth': [10]}","['mfcc_mean', 'wav_detail_lvl5_std', 'wav_approx_std', 'mfcc_1', 'NDSI', 'wav_detail_lvl3_std', 'wav_detail_lvl4_std']",0.7191011235955056,0.6779661016949152,0.7655502392344498,0.7758394637988119,0.6518254674977738,0.5727699530516432,0.756198347107438,0.6194641944640433,0.602711157455683,0.7261306532663316,0.5151515151515151,0.705644125577296,0.9729305610043154,1.0,0.9472880061115355,0.9974458973125782,0.6375,0.4857142857142857,0.9272727272727272,0.93512443573051
RF,0.7167719643563186,0.9714509190457568,0.6531022256839591,0.6957458114811386,0.7773380826884908,0.8021390374331551,0.8104383368770801,"{'n_estimators': [100], 'max_depth': [10]}","['mfcc_mean', 'wav_detail_lvl5_std', 'mfcc_1', 'NDSI', 'spec_kurtosis', 'mfcc_var', 'wav_detail_lvl4_std']",0.7156398104265402,0.7089201877934272,0.722488038277512,0.8128630449903609,0.6412078152753108,0.5623052959501558,0.7458677685950413,0.6022107853570076,0.6055612770339855,0.7170731707317073,0.5240641711229946,0.6888462223357479,0.9714509190457568,0.9951923076923077,0.9488158899923606,0.9976877624793068,0.65,0.49523809523809526,0.9454545454545454,0.9505838692229777
RF,0.716712410531805,0.9733750978856696,0.6525467386933388,0.6938629359254196,0.7696391196757084,0.8044308632543926,0.7994576310952547,"{'n_estimators': [100], 'max_depth': [10]}","['mfcc_mean', 'wav_approx_std', 'spec_skew', 'NDSI', 'spec_kurtosis', 'wav_detail_lvl4_std']",0.6587677725118484,0.6525821596244131,0.6650717703349283,0.7439085644404876,0.6732318710832588,0.593996840442338,0.7768595041322314,0.6545558250418418,0.5981873111782477,0.6875,0.5294117647058824,0.6764161877848077,0.9733750978856696,0.9983935742971888,0.9495798319327731,0.9972754098250237,0.68,0.5368421052631579,0.9272727272727272,0.9251321683841125
RF,0.7166961264110074,0.9713388299960738,0.6530354505147409,0.6899377196034926,0.7880331723816104,0.8002291825821237,0.8016156791826189,"{'n_estimators': [100], 'max_depth': [10]}","['mfcc_mean', 'wav_detail_lvl5_std', 'wav_approx_std', 'mfcc_1', 'mfcc_var', 'wav_detail_lvl3_std', 'wav_detail_lvl4_std']",0.7205240174672489,0.6626506024096386,0.7894736842105263,0.7813946688846098,0.6380697050938338,0.5622047244094488,0.737603305785124,0.5833017766264406,0.5951629863301787,0.7256410256410256,0.5044563279857398,0.7051972023815088,0.9713388299960738,0.9991922455573505,0.944996180290298,0.9971320220024302,0.6583850931677019,0.5,0.9636363636363636,0.9410527260181053
RF,0.716686483028563,0.973735789886319,0.652424156314124,0.6956495086071135,0.7781597528093447,0.8036669213139801,0.8078116175758812,"{'n_estimators': [100], 'max_depth': [10]}","['mfcc_mean', 'mfcc_1', 'NDSI', 'wav_detail_lvl3_std']",0.6938775510204082,0.6594827586206896,0.7320574162679426,0.7803840201020351,0.6707105719237435,0.5776119402985075,0.7995867768595041,0.6349195637202913,0.5784418356456777,0.7207446808510638,0.483065953654189,0.7021672836774473,0.973735789886319,1.0,0.9488158899923606,0.998000555184218,0.6666666666666666,0.5204081632653061,0.9272727272727272,0.9235866651954145
RF,0.7166736098692963,0.9635151039623382,0.6549632363460357,0.6939365994070968,0.776878291986651,0.7948815889992361,0.8170814016585197,"{'n_estimators': [100], 'max_depth': [10]}","['mfcc_1', 'spec_kurtosis', 'wav_detail_lvl3_std', 'wav_detail_lvl4_std']",0.7219730941704036,0.679324894514768,0.7703349282296651,0.8220549231510209,0.6510008703220191,0.562406015037594,0.7727272727272727,0.643330791225204,0.5668789808917197,0.7007874015748031,0.47593582887700536,0.6896945421396001,0.9635151039623382,0.9903225806451613,0.9381207028265852,0.9959853285497469,0.68,0.5368421052631579,0.9272727272727272,0.9343414232270262
RF,0.7166584628806631,0.9709119496855346,0.6530950911794453,0.6993503574939972,0.7804130769315121,0.8036669213139801,0.813132020179817,"{'n_estimators': [100], 'max_depth': [10]}","['mfcc_mean', 'wav_approx_std', 'spec_skew', 'mfcc_1', 'NDSI', 'wav_detail_lvl3_std']",0.7230046948356808,0.7096774193548387,0.7368421052631579,0.7963712665390997,0.6666666666666666,0.5674891146589259,0.8078512396694215,0.6342756432659371,0.5852090032154341,0.7338709677419355,0.48663101604278075,0.702414948959215,0.9709119496855346,1.0,0.9434682964094728,0.99781174241945,0.6375,0.4857142857142857,0.9272727272727272,0.9347864997153832
RF,0.7164559742649625,0.9696969696969697,0.6531457254069608,0.6949491905557641,0.775874165238083,0.7979373567608862,0.8070555368510366,"{'n_estimators': [100], 'max_depth': [10]}","['mfcc_mean', 'wav_approx_std', 'spec_kurtosis', 'mfcc_var', 'wav_detail_lvl3_std', 'wav_detail_lvl4_std']",0.7009345794392523,0.684931506849315,0.7177033492822966,0.8139409719478201,0.6557093425605537,0.5639880952380952,0.7830578512396694,0.595899646695819,0.5762004175365344,0.6952141057934509,0.4919786096256685,0.6893320465055564,0.9696969696969697,1.0,0.9411764705882353,0.9968722177229269,0.6797385620915033,0.5306122448979592,0.9454545454545454,0.9392328013830609
RF,0.7164447150237598,0.96852871754524,0.6534237143933899,0.6938061746203595,0.7824540568728577,0.7994652406417112,0.8137976349929469,"{'n_estimators': [100], 'max_depth': [10]}","['wav_detail_lvl5_std', 'wav_approx_std', 'spec_kurtosis', 'mfcc_var', 'wav_detail_lvl3_std']",0.7098214285714286,0.6652719665271967,0.7607655502392344,0.8105966791059799,0.6463414634146342,0.5587349397590361,0.7665289256198347,0.619960678485814,0.5951115834218916,0.7368421052631579,0.49910873440285203,0.6934406371199718,0.96852871754524,0.9983779399837794,0.9404125286478228,0.9962122871158152,0.6624203821656051,0.5098039215686274,0.9454545454545454,0.9487778931371534
RF,0.7163093364432311,0.9725490196078431,0.6522494156520782,0.6924027004580764,0.7823676473634256,0.8025210084033614,0.8036253556865214,"{'n_estimators': [100], 'max_depth': [10]}","['mfcc_mean', 'wav_detail_lvl5_std', 'wav_approx_std', 'mfcc_1', 'NDSI', 'wav_detail_lvl3_std']",0.7164835164835165,0.6626016260162602,0.7799043062200957,0.7696998505841871,0.6489832007073386,0.5672333848531684,0.7582644628099173,0.6160962363926007,0.5938494167550371,0.7329842931937173,0.49910873440285203,0.7053055467471865,0.9725490196078431,0.9991941982272361,0.9472880061115355,0.9974865623810137,0.6496815286624203,0.5,0.9272727272727272,0.9295385823276189
RF,0.7162817909497672,0.970102281667978,0.6528266682702144,0.6961324228742618,0.7760388087379362,0.8051948051948052,0.7979143873425247,"{'n_estimators': [100], 'max_depth': [10]}","['mfcc_mean', 'wav_approx_std', 'spec_skew', 'NDSI', 'wav_detail_lvl3_std']",0.6682242990654206,0.6529680365296804,0.6842105263157895,0.7485841526762889,0.6862068965517242,0.5887573964497042,0.8223140495867769,0.6345409773166755,0.5945378151260504,0.7237851662404092,0.5044563279857398,0.6920963056260492,0.970102281667978,1.0,0.9419404125286478,0.9962690005034428,0.6623376623376623,0.5151515151515151,0.9272727272727272,0.9180815005901668
RF,0.7161336913707123,0.9713388299960738,0.6523324067143719,0.6944277234280015,0.7811254802051312,0.8044308632543926,0.809986272764103,"{'n_estimators': [100], 'max_depth': [10]}","['wav_detail_lvl5_std', 'wav_approx_std', 'spec_skew', 'NDSI', 'mfcc_var', 'wav_detail_lvl3_std']",0.7155963302752294,0.6872246696035242,0.7464114832535885,0.7925679126122488,0.6608238387379491,0.573820395738204,0.7789256198347108,0.6303551282857062,0.5993690851735016,0.7307692307692307,0.5080213903743316,0.6908807388412924,0.9713388299960738,0.9991922455573505,0.944996180290298,0.9971073839401196,0.6335403726708074,0.4811320754716981,0.9272727272727272,0.9390202001411484
RF,0.7161143831726668,0.9801324503311258,0.650109866383052,0.6921715271964525,0.7812900871527384,0.807868601986249,0.8217375938049806,"{'n_estimators': [100], 'max_depth': [10]}","['mfcc_1', 'NDSI', 'wav_detail_lvl3_std', 'wav_detail_lvl4_std']",0.7146067415730337,0.673728813559322,0.7607655502392344,0.8172656875478675,0.6594788858939802,0.5834658187599364,0.7582644628099173,0.6747236565786044,0.5888538380651945,0.717948717948718,0.49910873440285203,0.6931626158500334,0.9801324503311258,1.0,0.961038961038961,0.9983671657617186,0.6375,0.4857142857142857,0.9272727272727272,0.9251688432866789
RF,0.7160575268125394,0.9627304825421734,0.654389287880131,0.7048082211102104,0.7832711457788857,0.7983193277310925,0.8068035599924117,"{'n_estimators': [100], 'max_depth': [10]}","['mfcc_mean', 'spec_skew', 'mfcc_1', 'mfcc_var', 'wav_detail_lvl3_std']",0.7439613526570048,0.751219512195122,0.7368421052631579,0.7809564711285615,0.6465155331654072,0.5445544554455446,0.7954545454545454,0.5998294572209361,0.5923497267759563,0.7655367231638418,0.483065953654189,0.707273779142575,0.9627304825421734,0.989516129032258,0.9373567608861727,0.9964376702530495,0.6347305389221557,0.4732142857142857,0.9636363636363636,0.9495204222169363
RF,0.7160073522598804,0.9646781789638933,0.6538396455838773,0.692204785082636,0.7861221600427906,0.7956455309396486,0.8095467681951349,"{'n_estimators': [100], 'max_depth': [10]}","['wav_detail_lvl5_std', 'spec_skew', 'mfcc_1', 'wav_detail_lvl3_std']",0.7205240174672489,0.6626506024096386,0.7894736842105263,0.7815543812661303,0.6451612903225806,0.5580693815987934,0.7644628099173554,0.6413214487693591,0.5745140388768899,0.7287671232876712,0.4741532976827095,0.6735116017279719,0.9646781789638933,0.9919289749798225,0.9388846447669977,0.9964713388218555,0.6751592356687898,0.5196078431372549,0.9636363636363636,0.9548750703903582
RF,0.715979004626195,0.9697208022021234,0.6525435552322129,0.689196310404282,0.7737326056999573,0.7967914438502673,0.8001309256614414,"{'n_estimators': [100], 'max_depth': [10]}","['wav_detail_lvl5_std', 'wav_approx_std', 'spec_skew', 'NDSI', 'mfcc_var', 'wav_detail_lvl4_std']",0.7027027027027027,0.6638297872340425,0.7464114832535885,0.7598008153865629,0.6438848920863309,0.5700636942675159,0.7396694214876033,0.6274438991288751,0.5835866261398176,0.676056338028169,0.5133689839572193,0.6720001058891147,0.9697208022021234,0.9991896272285251,0.9419404125286478,0.9976450702946836,0.68,0.5368421052631579,0.9272727272727272,0.9437647376079702
RF,0.7159618679408828,0.9684791174152876,0.6528325555722816,0.6931738008297075,0.778600475422879,0.7944996180290298,0.7931447447265277,"{'n_estimators': [100], 'max_depth': [10]}","['mfcc_mean', 'wav_approx_std', 'mfcc_1', 'wav_detail_lvl3_std']",0.7272727272727273,0.6926406926406926,0.7655502392344498,0.7826771093411413,0.6354978354978355,0.5469448584202683,0.7582644628099173,0.5780890672410905,0.5732349841938883,0.7010309278350515,0.48484848484848486,0.699860107356951,0.9684791174152876,1.0,0.9388846447669977,0.9970985629084399,0.6753246753246753,0.5252525252525253,0.9454545454545454,0.9079988767850161
RF,0.7159503186565048,0.9713613181639859,0.6520975687796347,0.6880264391020068,0.7825005391456277,0.7979373567608862,0.7939991116819376,"{'n_estimators': [100], 'max_depth': [10]}","['mfcc_mean', 'wav_detail_lvl5_std', 'wav_approx_std', 'mfcc_var', 'wav_detail_lvl3_std']",0.7094017094017094,0.640926640926641,0.7942583732057417,0.7342298093842123,0.6292947558770343,0.5594855305466238,0.71900826446281,0.6043092747329845,0.59436913451512,0.7160804020100503,0.5080213903743316,0.6932007186563285,0.9713613181639859,0.9983870967741936,0.9457601222307105,0.9969899077631794,0.6753246753246753,0.5252525252525253,0.9454545454545454,0.9412658478729833
RF,0.7159459758522658,0.9741581832419733,0.6513929240048388,0.6920851177486778,0.7855835992509227,0.8051948051948052,0.812913584149757,"{'n_estimators': [100], 'max_depth': [10]}","['mfcc_mean', 'wav_detail_lvl5_std', 'mfcc_1', 'NDSI', 'wav_detail_lvl3_std', 'wav_detail_lvl4_std']",0.7064017660044151,0.6557377049180327,0.7655502392344498,0.7852921182714068,0.6542222222222223,0.5741029641185648,0.7603305785123967,0.636502453812532,0.6029723991507431,0.7454068241469817,0.5062388591800356,0.7130201841479114,0.9741581832419733,0.9991967871485944,0.9503437738731857,0.9977174357660552,0.6419753086419753,0.48598130841121495,0.9454545454545454,0.9320357287508801
RF,0.7159265267376881,0.9696969696969697,0.6524839159978677,0.6987481366944713,0.7808862335712885,0.8002291825821237,0.8052373447413099,"{'n_estimators': [100], 'max_depth': [10]}","['mfcc_mean', 'wav_approx_std', 'spec_skew', 'spec_kurtosis', 'mfcc_var', 'wav_detail_lvl3_std']",0.7064439140811456,0.7047619047619048,0.7081339712918661,0.8032494530747981,0.6649746192893401,0.5630372492836676,0.8119834710743802,0.6139545555251155,0.576017130620985,0.7211796246648794,0.47950089126559714,0.6769724398432336,0.9696969696969697,1.0,0.9411764705882353,0.9954056739215322,0.6625,0.5047619047619047,0.9636363636363636,0.9366046013418707
RF,0.7158797168116406,0.969315499606609,0.6525207711128985,0.6935734010595818,0.7792243857090465,0.80061115355233,0.8124202226275458,"{'n_estimators': [100], 'max_depth': [10]}","['mfcc_mean', 'wav_detail_lvl5_std', 'wav_approx_std', 'spec_skew', 'mfcc_1', 'spec_kurtosis', 'wav_detail_lvl3_std']",0.6966824644549763,0.6901408450704225,0.7033492822966507,0.8002044759683226,0.6484581497797357,0.565284178187404,0.7603305785123967,0.6356132590810409,0.6065573770491803,0.7132530120481928,0.5276292335115864,0.6812621537306999,0.969315499606609,0.9991889699918897,0.9411764705882353,0.9967432469667311,0.6583850931677019,0.5,0.9636363636363636,0.9482779773909344
RF,0.7158276888740377,0.97578125,0.6508392985925471,0.6929449755788839,0.7865744087978819,0.8071046600458365,0.8140746591505754,"{'n_estimators': [100], 'max_depth': [10]}","['wav_detail_lvl5_std', 'mfcc_1', 'NDSI', 'mfcc_var', 'wav_detail_lvl3_std', 'wav_detail_lvl4_std']",0.7095343680709535,0.6611570247933884,0.7655502392344498,0.800957548326328,0.6607460035523979,0.5794392523364486,0.768595041322314,0.6327207193631434,0.5989304812834224,0.7486631016042781,0.49910873440285203,0.7050378104042312,0.97578125,0.9984012789768185,0.9541634835752483,0.998230200402136,0.6341463414634146,0.47706422018348627,0.9454545454545454,0.9334270172570385
RF,0.7156764326280597,0.9725274725274725,0.6514636726532065,0.6878448693816592,0.7711226534981109,0.8029029793735676,0.7961031758745503,"{'n_estimators': [100], 'max_depth': [10]}","['mfcc_mean', 'wav_detail_lvl5_std', 'wav_approx_std', 'NDSI', 'wav_detail_lvl3_std', 'wav_detail_lvl4_std']",0.647191011235955,0.6101694915254238,0.6889952153110048,0.7233014240044761,0.663594470046083,0.5990016638935108,0.743801652892562,0.6233854419781684,0.6105054509415263,0.6875,0.5490196078431373,0.7007818549969507,0.9725274725274725,1.0,0.946524064171123,0.9971651786882662,0.6845637583892618,0.5425531914893617,0.9272727272727272,0.9358819797048903
RF,0.7156477184010239,0.9654631083202512,0.6531938709212172,0.6908432405725693,0.783199016013539,0.7964094728800611,0.8237060048239154,"{'n_estimators': [100], 'max_depth': [10]}","['wav_detail_lvl5_std', 'spec_skew', 'mfcc_1', 'spec_kurtosis', 'wav_detail_lvl3_std', 'wav_detail_lvl4_std']",0.7227272727272728,0.6883116883116883,0.7607655502392344,0.8440800418451568,0.6549604916593503,0.5694656488549619,0.7706611570247934,0.64994540740323,0.5684210526315789,0.6940874035989717,0.48128342245989303,0.6775429586525559,0.9654631083202512,0.9927360774818402,0.9396485867074102,0.996548744713893,0.6666666666666666,0.5096153846153846,0.9636363636363636,0.9504128715047414
RF,0.7156240966366874,0.9734789391575663,0.6511603860064676,0.6951183322384823,0.7754099273463191,0.806340718105424,0.8179413898636012,"{'n_estimators': [100], 'max_depth': [10]}","['wav_approx_std', 'spec_skew', 'NDSI', 'spec_kurtosis', 'mfcc_var', 'wav_detail_lvl3_std', 'wav_detail_lvl4_std']",0.709832134292566,0.7115384615384616,0.7081339712918661,0.8139136275628116,0.6612903225806451,0.5838607594936709,0.762396694214876,0.6518801002579662,0.6038894575230297,0.7091346153846154,0.5258467023172906,0.691369900722991,0.9734789391575663,0.9944223107569721,0.9533995416348358,0.9978499480129835,0.6296296296296297,0.4766355140186916,0.9272727272727272,0.934693372761254
RF,0.7156226878131904,0.968503937007874,0.6524023755145195,0.6873185061065534,0.7815947379386726,0.7960275019098548,0.8049898599615952,"{'n_estimators': [100], 'max_depth': [10]}","['wav_detail_lvl5_std', 'wav_approx_std', 'spec_kurtosis', 'mfcc_var', 'wav_detail_lvl4_std']",0.7310344827586207,0.7035398230088495,0.7607655502392344,0.7956067102024673,0.6370235934664247,0.5679611650485437,0.7252066115702479,0.6108052541426702,0.5831663326653307,0.665903890160183,0.5187165775401069,0.6685077271838931,0.968503937007874,0.9991876523151909,0.9396485867074102,0.9967879297286905,0.6583850931677019,0.5,0.9636363636363636,0.9532416785502551
RF,0.7155232181204769,0.9713163064833006,0.651574946029771,0.6940273767214962,0.7756208338054665,0.8021390374331551,0.8195318534314326,"{'n_estimators': [100], 'max_depth': [10]}","['wav_detail_lvl5_std', 'wav_approx_std', 'spec_skew', 'mfcc_1', 'NDSI', 'spec_kurtosis', 'wav_detail_lvl3_std', 'wav_detail_lvl4_std']",0.722488038277512,0.722488038277512,0.722488038277512,0.823090444464752,0.6512866015971606,0.5707620528771384,0.7582644628099173,0.6419595222676967,0.5989847715736041,0.6957547169811321,0.5258467023172906,0.6898551949488773,0.9713163064833006,1.0,0.9442322383498855,0.9974238609844062,0.6335403726708074,0.4811320754716981,0.9272727272727272,0.9453302444914312
RF,0.7155170863047025,0.9671361502347418,0.6526123203221925,0.695037704624783,0.773305760755803,0.7998472116119175,0.8198570226478388,"{'n_estimators': [100], 'max_depth': [10]}","['mfcc_mean', 'wav_detail_lvl5_std', 'spec_skew', 'NDSI', 'spec_kurtosis', 'mfcc_var', 'wav_detail_lvl4_std']",0.7053140096618358,0.7121951219512195,0.6985645933014354,0.816812893369419,0.64049955396967,0.5635792778649922,0.7417355371900827,0.6401759791557458,0.6105476673427992,0.7082352941176471,0.5365418894830659,0.6962052870598923,0.9671361502347418,0.9911788291900562,0.9442322383498855,0.9975441361041183,0.6540880503144654,0.5,0.9454545454545454,0.9485468175500191
RF,0.7154888812650994,0.9635437083496668,0.6534751744939574,0.6998640905072787,0.7764115441739985,0.7983193277310925,0.8017666721152941,"{'n_estimators': [100], 'max_depth': [10]}","['mfcc_mean', 'spec_skew', 'spec_kurtosis', 'mfcc_var', 'wav_detail_lvl3_std']",0.7146282973621103,0.7163461538461539,0.7129186602870813,0.7533935777659231,0.6524338172502135,0.5560407569141194,0.7892561983471075,0.6342090993484846,0.5927505330490405,0.7374005305039788,0.49554367201426025,0.6871726100317961,0.9635437083496668,0.9895330112721417,0.9388846447669977,0.9957760123433214,0.6540880503144654,0.5,0.9454545454545454,0.9382820610869456
RF,0.7153907156647703,0.9662745098039216,0.6526697671299825,0.6916272921556346,0.78158901142014,0.7979373567608862,0.8212021058278822,"{'n_estimators': [100], 'max_depth': [10]}","['wav_detail_lvl5_std', 'spec_skew', 'spec_kurtosis', 'mfcc_var', 'wav_detail_lvl3_std', 'wav_detail_lvl4_std']",0.7175925925925926,0.695067264573991,0.7416267942583732,0.830047618637839,0.6513680494263019,0.5685670261941448,0.762396694214876,0.6485753564531456,0.5833333333333334,0.7017543859649122,0.49910873440285203,0.6820836764994928,0.9662745098039216,0.9927477840451249,0.9411764705882353,0.9961572459981983,0.6583850931677019,0.5,0.9636363636363636,0.949146631550735
RF,0.7153593833994273,0.9733333333333334,0.6508658959159508,0.6916864818802249,0.7750052330632122,0.8090145148968678,0.7960057624887587,"{'n_estimators': [100], 'max_depth': [10]}","['mfcc_mean', 'wav_approx_std', 'spec_skew', 'NDSI', 'wav_detail_lvl3_std', 'wav_detail_lvl4_std']",0.6525821596244131,0.6405529953917051,0.6650717703349283,0.7442504881593955,0.6934763181411975,0.6110236220472441,0.8016528925619835,0.6333526968662541,0.6077235772357723,0.706855791962175,0.5329768270944741,0.6841660966358232,0.9733333333333334,1.0,0.948051948051948,0.9970366444781545,0.6496815286624203,0.5,0.9272727272727272,0.9212228863041658
RF,0.7153554055086735,0.9766355140186916,0.650035378381169,0.695605023848127,0.7810418364823094,0.8071046600458365,0.8146437839569364,"{'n_estimators': [100], 'max_depth': [10]}","['mfcc_1', 'NDSI', 'mfcc_var', 'wav_detail_lvl3_std']",0.7120181405895691,0.6767241379310345,0.7511961722488039,0.8056546729048902,0.6690017513134852,0.5805471124620061,0.7892561983471075,0.6243112717312131,0.5816216216216217,0.739010989010989,0.47950089126559714,0.7173826307871736,0.9766355140186916,0.9960285941223193,0.957983193277311,0.9983154675041995,0.6375,0.4857142857142857,0.9272727272727272,0.9275548768572055
RF,0.715319915678514,0.9721677773422187,0.6511079502625878,0.6905516116923979,0.7774551107959495,0.8055767761650114,0.7976095709694551,"{'n_estimators': [100], 'max_depth': [10]}","['mfcc_mean', 'spec_skew', 'NDSI', 'wav_detail_lvl3_std', 'wav_detail_lvl4_std']",0.6620370370370371,0.6412556053811659,0.6842105263157895,0.7500072215469209,0.6851025869759143,0.6028257456828885,0.7933884297520661,0.6600694550232246,0.5948717948717949,0.7004830917874396,0.5169340463458111,0.6678639282805112,0.9721677773422187,0.998389694041868,0.9472880061115355,0.9969595113193173,0.6624203821656051,0.5098039215686274,0.9454545454545454,0.913147738677302
RF,0.7153126275568498,0.9721240675304279,0.6511097675634554,0.6973077700619623,0.7760244924416047,0.8017570664629489,0.8080041340453633,"{'n_estimators': [100], 'max_depth': [10]}","['mfcc_mean', 'wav_approx_std', 'spec_skew', 'mfcc_1', 'NDSI', 'spec_kurtosis', 'mfcc_var', 'wav_detail_lvl3_std', 'wav_detail_lvl4_std']",0.7255369928400954,0.7238095238095238,0.7272727272727273,0.8105114007058569,0.651685393258427,0.5601783060921248,0.7789256198347108,0.6119185268890956,0.5897166841552991,0.7168367346938775,0.5008912655971479,0.6914853852194026,0.9721240675304279,1.0,0.9457601222307105,0.9976105053482918,0.6375,0.4857142857142857,0.9272727272727272,0.9284948520641692
RF,0.7152815391464955,0.9705304518664047,0.6514693109665183,0.6912611488954211,0.7736950665433637,0.7956455309396486,0.7956024193912047,"{'n_estimators': [100], 'max_depth': [10]}","['mfcc_mean', 'wav_detail_lvl5_std', 'wav_approx_std', 'spec_skew', 'mfcc_1']",0.6901408450704225,0.6774193548387096,0.7033492822966507,0.760469850564919,0.6424778761061947,0.5619195046439629,0.75,0.6030370972862285,0.5804480651731161,0.6769596199524941,0.5080213903743316,0.6614398322763322,0.9705304518664047,0.9991909385113269,0.9434682964094728,0.9961300716254938,0.6928104575163399,0.5408163265306123,0.9636363636363636,0.9569352452030493
RF,0.7152491562218986,0.9686520376175548,0.6518984358729845,0.6902080153164981,0.7755131143366437,0.7952635599694423,0.8112355866953556,"{'n_estimators': [100], 'max_depth': [10]}","['mfcc_mean', 'wav_detail_lvl5_std', 'spec_kurtosis', 'mfcc_var', 'wav_detail_lvl3_std']",0.7037037037037037,0.6816143497757847,0.7272727272727273,0.8082053785160108,0.6308243727598566,0.5569620253164557,0.7272727272727273,0.6080132469637667,0.5891946992864424,0.6880952380952381,0.5151515151515151,0.6848688454868896,0.9686520376175548,0.9943684633950121,0.9442322383498855,0.996560811135762,0.6838709677419355,0.53,0.9636363636363636,0.9585296513743489
RF,0.7151822603163543,0.9640742202921437,0.6529592703224069,0.6943572543555679,0.7749026674610688,0.7918258212375859,0.7871935331923157,"{'n_estimators': [100], 'max_depth': [10]}","['mfcc_mean', 'mfcc_var', 'wav_detail_lvl3_std', 'wav_detail_lvl4_std']",0.7209302325581395,0.7013574660633484,0.7416267942583732,0.7475973186550243,0.6346483704974271,0.5425219941348973,0.7644628099173554,0.570702058814779,0.5765199161425576,0.6997455470737913,0.49019607843137253,0.6872841071426363,0.9640742202921437,0.9975490196078431,0.9327731092436975,0.9953010209115751,0.6797385620915033,0.5306122448979592,0.9454545454545454,0.9350831604375638
RF,0.7150252104107968,0.9705072748721982,0.6511546942954464,0.6898381995989727,0.779681264415292,0.7964094728800611,0.800311747774811,"{'n_estimators': [100], 'max_depth': [10]}","['mfcc_mean', 'wav_approx_std', 'mfcc_var', 'wav_detail_lvl3_std', 'wav_detail_lvl4_std']",0.7171492204899778,0.6708333333333333,0.7703349282296651,0.7873437629988302,0.6378854625550661,0.5560675883256528,0.7479338842975206,0.5838242322148808,0.5786163522012578,0.7022900763358778,0.4919786096256685,0.7023349439206541,0.9705072748721982,1.0,0.9427043544690603,0.9969599467223585,0.6709677419354839,0.52,0.9454545454545454,0.9310958530173306
RF,0.7149801089141473,0.9713388299960738,0.6508904286436656,0.6889286609041713,0.7753812947536561,0.8044308632543926,0.8027890598939363,"{'n_estimators': [100], 'max_depth': [10]}","['mfcc_mean', 'wav_detail_lvl5_std', 'wav_approx_std', 'spec_skew', 'NDSI', 'wav_detail_lvl3_std', 'wav_detail_lvl4_std']",0.6727688787185355,0.6447368421052632,0.7033492822966507,0.7610060787923416,0.6708860759493671,0.5964630225080386,0.7665289256198347,0.63158792309497,0.6060606060606061,0.6993006993006993,0.5347593582887701,0.6844105666372887,0.9713388299960738,0.9991922455573505,0.944996180290298,0.9972051160226072,0.6538461538461539,0.504950495049505,0.9272727272727272,0.9397356149224744
RF,0.7149346206766436,0.971764705882353,0.6507270993752163,0.6966065694267917,0.7765525505548022,0.80061115355233,0.8137822529987242,"{'n_estimators': [100], 'max_depth': [10]}","['mfcc_mean', 'wav_approx_std', 'mfcc_1', 'NDSI', 'spec_kurtosis', 'mfcc_var', 'wav_detail_lvl3_std']",0.7242990654205608,0.7077625570776256,0.7416267942583732,0.8276620821859091,0.6494401378122309,0.5568685376661743,0.7789256198347108,0.6116963350263397,0.5835995740149095,0.7248677248677249,0.48841354723707664,0.6958727078942516,0.971764705882353,0.9983883964544722,0.946524064171123,0.9977394454604631,0.6455696202531646,0.49514563106796117,0.9272727272727272,0.9359406944266571
RF,0.7149193710937211,0.9713163064833006,0.6508201372463261,0.6896411626642992,0.7723244304246275,0.8029029793735676,0.8003545513822641,"{'n_estimators': [100], 'max_depth': [10]}","['mfcc_mean', 'wav_approx_std', 'spec_skew', 'NDSI', 'spec_kurtosis', 'wav_detail_lvl3_std', 'wav_detail_lvl4_std']",0.6559633027522935,0.6299559471365639,0.6842105263157895,0.7584893870671922,0.6803571428571429,0.5990566037735849,0.7871900826446281,0.6546648982603611,0.5914634146341463,0.6879432624113475,0.5187165775401069,0.6778904451384805,0.9713163064833006,1.0,0.9442322383498855,0.9969763657869988,0.6754966887417219,0.53125,0.9272727272727272,0.9137516606582876
RF,0.7149002612511289,0.9697445972495088,0.6511891772515339,0.6895432766942593,0.7774446568536071,0.7956455309396486,0.8051811867836177,"{'n_estimators': [100], 'max_depth': [10]}","['mfcc_mean', 'wav_detail_lvl5_std', 'spec_skew', 'mfcc_1', 'wav_detail_lvl3_std']",0.700228832951945,0.6710526315789473,0.7320574162679426,0.7738576646867937,0.6412754650132861,0.5612403100775194,0.7479338842975206,0.6240592159548481,0.5793814432989691,0.687041564792176,0.5008912655971479,0.679096889832098,0.9697445972495088,0.9983818770226537,0.9427043544690603,0.9963672910026157,0.6838709677419355,0.53,0.9636363636363636,0.9525248724417331
RF,0.7147773732493968,0.968503937007874,0.6513457323097775,0.6878590249593637,0.7858762243479385,0.7975553857906799,0.821367257476141,"{'n_estimators': [100], 'max_depth': [10]}","['wav_detail_lvl5_std', 'wav_approx_std', 'mfcc_1', 'spec_kurtosis', 'mfcc_var', 'wav_detail_lvl3_std', 'wav_detail_lvl4_std']",0.7325842696629213,0.690677966101695,0.7799043062200957,0.8437723844658632,0.6399286987522281,0.5626959247648903,0.7417355371900827,0.6224048989535175,0.5865284974093264,0.7004950495049505,0.5044563279857398,0.695367907621167,0.968503937007874,0.9991876523151909,0.9396485867074102,0.9968806479732358,0.6463414634146342,0.48623853211009177,0.9636363636363636,0.9484104483669215
RF,0.714720232649434,0.9686274509803922,0.6512434280666943,0.6908288924317286,0.7762481800027535,0.7975553857906799,0.8160483729309496,"{'n_estimators': [100], 'max_depth': [10]}","['mfcc_mean', 'wav_detail_lvl5_std', 'spec_skew', 'mfcc_1', 'spec_kurtosis', 'wav_detail_lvl3_std', 'wav_detail_lvl4_std']",0.6997635933806147,0.6915887850467289,0.7081339712918661,0.8091667203456401,0.6512455516014235,0.571875,0.756198347107438,0.6337161653367589,0.583078491335372,0.680952380952381,0.5098039215686274,0.6878597818651546,0.9686274509803922,0.9951651893634166,0.9434682964094728,0.9965527843680813,0.6708860759493671,0.5145631067961165,0.9636363636363636,0.9529464127391128
RF,0.7147163471386089,0.9615841584158416,0.6529993943193007,0.6965287749043313,0.7663808890237261,0.7941176470588235,0.794777224547002,"{'n_estimators': [100], 'max_depth': [10]}","['mfcc_mean', 'NDSI', 'spec_kurtosis']",0.6682134570765661,0.6486486486486487,0.6889952153110048,0.7226071244523729,0.6587637595258256,0.5581061692969871,0.8037190082644629,0.6600610174987626,0.5905759162303665,0.7157360406091371,0.5026737967914439,0.6662605445114618,0.9615841584158416,0.9983552631578947,0.9274255156608098,0.9948759269757892,0.6944444444444444,0.5617977528089888,0.9090909090909091,0.9300815092966239
RF,0.7146393684455202,0.969315499606609,0.6509703356552481,0.690026054963349,0.7770785251899802,0.7922077922077922,0.8161913463525747,"{'n_estimators': [100], 'max_depth': [10]}","['wav_detail_lvl5_std', 'wav_approx_std', 'spec_skew', 'mfcc_1', 'spec_kurtosis', 'mfcc_var', 'wav_detail_lvl4_std']",0.7400468384074942,0.7247706422018348,0.7559808612440191,0.8275173717813192,0.6235606731620903,0.5457364341085271,0.7272727272727273,0.6253408150909943,0.5693877551020409,0.665871121718377,0.49732620320855614,0.6682309189130388,0.969315499606609,0.9991889699918897,0.9411764705882353,0.9970571373822166,0.6708860759493671,0.5145631067961165,0.9636363636363636,0.9628104885953047
RF,0.7145857811159532,0.9721459395841506,0.6501957414989037,0.6872224342733525,0.772864757908383,0.7998472116119175,0.8071562897512308,"{'n_estimators': [100], 'max_depth': [10]}","['mfcc_mean', 'wav_detail_lvl5_std', 'spec_skew', 'NDSI', 'wav_detail_lvl3_std', 'wav_detail_lvl4_std']",0.6728110599078341,0.6488888888888888,0.6985645933014354,0.76139033225155,0.6605839416058394,0.5915032679738562,0.7479338842975206,0.6702576446975602,0.5876494023904383,0.6659142212189616,0.5258467023172906,0.6800736987352638,0.9721459395841506,0.9991935483870967,0.946524064171123,0.9964098732077669,0.6797385620915033,0.5306122448979592,0.9454545454545454,0.9276498998640135
RF,0.7145716344128491,0.9709576138147566,0.6504751395623722,0.6918702599712957,0.7651798431421286,0.8044308632543926,0.7892108304200457,"{'n_estimators': [100], 'max_depth': [10]}","['mfcc_mean', 'wav_approx_std', 'spec_skew', 'NDSI', 'wav_detail_lvl4_std']",0.6490384615384616,0.6521739130434783,0.645933014354067,0.7112398871610964,0.6787003610108303,0.6025641025641025,0.7768595041322314,0.634983969177499,0.6074950690335306,0.6799116997792495,0.5490196078431373,0.6791473109783638,0.9709576138147566,0.9983857949959645,0.944996180290298,0.9973379311512631,0.6666666666666666,0.5263157894736842,0.9090909090909091,0.923345053632006
RF,0.7145680746564981,0.9733333333333334,0.6498767599872893,0.692880986770115,0.7810973958961575,0.8048128342245989,0.8060663927223871,"{'n_estimators': [100], 'max_depth': [10]}","['wav_approx_std', 'spec_skew', 'NDSI', 'mfcc_var', 'wav_detail_lvl3_std', 'wav_detail_lvl4_std']",0.7218390804597701,0.6946902654867256,0.7511961722488039,0.7806976539505125,0.6584507042253521,0.5736196319018405,0.7727272727272727,0.6276169655747466,0.5972660357518401,0.7282051282051282,0.5062388591800356,0.7000683770141711,0.9733333333333334,1.0,0.948051948051948,0.9974809759952865,0.6219512195121951,0.46788990825688076,0.9272727272727272,0.9244679910772188
RF,0.7145661588603492,0.9702427564604542,0.6506470094603231,0.6973720257230938,0.7820532371278219,0.8067226890756303,0.8056022772299339,"{'n_estimators': [100], 'max_depth': [10]}","['wav_approx_std', 'spec_skew', 'NDSI', 'mfcc_var', 'wav_detail_lvl3_std']",0.7162790697674418,0.6968325791855203,0.7368421052631579,0.7910403308646831,0.6660884648742411,0.5739910313901345,0.7933884297520661,0.6225676144953146,0.6094420600858369,0.7654986522911051,0.5062388591800356,0.6993796894142649,0.9702427564604542,0.9951807228915662,0.946524064171123,0.9974027649435371,0.6107784431137725,0.45535714285714285,0.9272727272727272,0.9176209864318698
RF,0.7145646348036065,0.9693396226415094,0.6508708878441308,0.6870260379484215,0.7732461196744901,0.7971734148204737,0.8041306141087846,"{'n_estimators': [100], 'max_depth': [10]}","['mfcc_mean', 'wav_detail_lvl5_std', 'spec_skew', 'NDSI', 'wav_detail_lvl3_std']",0.656319290465632,0.6115702479338843,0.7081339712918661,0.7502637343091766,0.6648697214734951,0.5882352941176471,0.7644628099173554,0.6649766854185688,0.5795918367346938,0.6778042959427207,0.5062388591800356,0.6791421855498202,0.9693396226415094,0.9983805668016195,0.9419404125286478,0.9960081756497569,0.7027027027027027,0.5591397849462365,0.9454545454545454,0.9302622896166005
RF,0.7145089703872339,0.9620649198279233,0.6526199830270617,0.6958571528956342,0.76963796218792,0.7899159663865546,0.7937782882576405,"{'n_estimators': [100], 'max_depth': [10]}","['spec_kurtosis', 'mfcc_var', 'wav_detail_lvl3_std']",0.7297921478060047,0.7053571428571429,0.7559808612440191,0.8100271045798662,0.6316695352839932,0.5412979351032449,0.7582644628099173,0.5598094979153642,0.5598290598290598,0.6986666666666667,0.46702317290552586,0.6749298574587326,0.9620649198279233,0.9855769230769231,0.9396485867074102,0.9925738580873278,0.6891891891891891,0.5483870967741935,0.9272727272727272,0.931551123246912
RF,0.714452695743893,0.9709347996857817,0.6503321697584209,0.6926118158412692,0.7731056737614577,0.8021390374331551,0.8094540447851113,"{'n_estimators': [100], 'max_depth': [10]}","['mfcc_mean', 'wav_detail_lvl5_std', 'wav_approx_std', 'spec_skew', 'NDSI', 'mfcc_var', 'wav_detail_lvl4_std']",0.6950354609929078,0.6869158878504673,0.7033492822966507,0.772859957836319,0.6483126110124334,0.5685358255451713,0.7541322314049587,0.6355054334108112,0.612410986775178,0.7132701421800948,0.5365418894830659,0.6940422149188443,0.9709347996857817,0.9991915925626516,0.9442322383498855,0.9971833502334954,0.6455696202531646,0.49514563106796117,0.9272727272727272,0.9476792675260863
RF,0.7143081884919477,0.9631083202511774,0.6521081555521403,0.701218307148243,0.7797261262051581,0.7975553857906799,0.809260173195438,"{'n_estimators': [100], 'max_depth': [10]}","['mfcc_mean', 'spec_skew', 'mfcc_1', 'spec_kurtosis', 'mfcc_var', 'wav_detail_lvl3_std', 'wav_detail_lvl4_std']",0.7163461538461539,0.7198067632850241,0.7129186602870813,0.785579696243759,0.6526492851135408,0.550354609929078,0.8016528925619835,0.6268785704189698,0.5891304347826087,0.754874651810585,0.483065953654189,0.6965250296543772,0.9631083202511774,0.9903147699757869,0.9373567608861727,0.9966222431636811,0.6503067484662577,0.49074074074074076,0.9636363636363636,0.9406953264964024
RF,0.7142466136028424,0.9709347996857817,0.6500745670821075,0.6921878525301866,0.7753406608402387,0.799083269671505,0.800789386185707,"{'n_estimators': [100], 'max_depth': [10]}","['wav_detail_lvl5_std', 'wav_approx_std', 'spec_skew', 'NDSI', 'mfcc_var']",0.7077625570776256,0.6768558951965066,0.7416267942583732,0.7702599530745047,0.6468531468531469,0.5606060606060606,0.7644628099173554,0.6251074701386605,0.5876180482686254,0.7142857142857143,0.49910873440285203,0.6674769448438941,0.9709347996857817,0.9991915925626516,0.9442322383498855,0.9972297624688086,0.6580645161290323,0.51,0.9272727272727272,0.9438728004026679
RF,0.7142248325283128,0.9717203456402199,0.6498509542503359,0.6893487869589257,0.7817770849096489,0.8032849503437739,0.8094356890417294,"{'n_estimators': [100], 'max_depth': [10]}","['wav_detail_lvl5_std', 'wav_approx_std', 'mfcc_1', 'NDSI', 'wav_detail_lvl3_std', 'wav_detail_lvl4_std']",0.7079646017699115,0.6584362139917695,0.7655502392344498,0.7666726589857933,0.6512042818911686,0.5729984301412873,0.7541322314049587,0.629498580090885,0.606694560669456,0.7341772151898734,0.5169340463458111,0.7175565611395384,0.9717203456402199,1.0,0.944996180290298,0.9970636430850638,0.6335403726708074,0.4811320754716981,0.9272727272727272,0.9363870019073658
RF,0.7140525155384415,0.9721677773422187,0.6495237000874972,0.693380111058131,0.7744298397915059,0.8044308632543926,0.8022686816022832,"{'n_estimators': [100], 'max_depth': [10]}","['mfcc_mean', 'wav_detail_lvl5_std', 'wav_approx_std', 'spec_skew', 'mfcc_1', 'NDSI', 'wav_detail_lvl4_std']",0.7,0.6966824644549763,0.7033492822966507,0.7663532043777921,0.6494661921708185,0.5703125,0.7541322314049587,0.6147277762285683,0.6189989785495403,0.7248803827751196,0.5401069518716578,0.6844056833804004,0.9721677773422187,0.998389694041868,0.9472880061115355,0.9977445475157621,0.6296296296296297,0.4766355140186916,0.9272727272727272,0.9481121965088936
RF,0.7139820470435188,0.9753424657534246,0.6486419423660423,0.6908218697089307,0.7804515177101725,0.8055767761650114,0.8082365486287388,"{'n_estimators': [100], 'max_depth': [10]}","['wav_approx_std', 'NDSI', 'mfcc_var', 'wav_detail_lvl3_std', 'wav_detail_lvl4_std']",0.7168949771689498,0.6855895196506551,0.7511961722488039,0.7872433393841063,0.656556645851918,0.5777080062794349,0.7603305785123967,0.6151244443158305,0.5991649269311065,0.7229219143576826,0.5115864527629234,0.7167739736061686,0.9753424657534246,1.0,0.9518716577540107,0.9975795728936937,0.6219512195121951,0.46788990825688076,0.9272727272727272,0.9244614129438954
RF,0.7139134609727612,0.969363707776905,0.6500508992717252,0.6893419033960704,0.7883492274682817,0.8017570664629489,0.8180904046056569,"{'n_estimators': [100], 'max_depth': [10]}","['wav_detail_lvl5_std', 'spec_skew', 'mfcc_1', 'mfcc_var', 'wav_detail_lvl3_std', 'wav_detail_lvl4_std']",0.71875,0.6736401673640168,0.7703349282296651,0.8073343164829395,0.6536758193091231,0.5720930232558139,0.762396694214876,0.6437896418168367,0.5968253968253968,0.734375,0.5026737967914439,0.6946268522246839,0.969363707776905,0.9975747776879548,0.9427043544690603,0.9975834296085273,0.6309523809523809,0.4690265486725664,0.9636363636363636,0.9471177828952961
RF,0.7139060991093987,0.9699336196798126,0.6498992189667953,0.6960849875692047,0.7673059288961344,0.8029029793735676,0.814013951948418,"{'n_estimators': [100], 'max_depth': [10]}","['mfcc_mean', 'wav_approx_std', 'spec_skew', 'NDSI', 'spec_kurtosis', 'mfcc_var', 'wav_detail_lvl4_std']",0.6882793017456359,0.71875,0.6602870813397129,0.7978075403181163,0.6565295169946332,0.5788643533123028,0.7582644628099173,0.6514202369998092,0.6092184368737475,0.6956521739130435,0.5418894830659536,0.6913514441961766,0.9699336196798126,0.9920127795527156,0.9488158899923606,0.9979215685829939,0.6455696202531646,0.49514563106796117,0.9272727272727272,0.9315689696449938
RF,0.7139019083879,0.9734167318217357,0.6490232025294411,0.6948937898017402,0.7667902985465609,0.8040488922841864,0.8057063344634685,"{'n_estimators': [100], 'max_depth': [10]}","['mfcc_mean', 'wav_approx_std', 'spec_skew', 'NDSI', 'mfcc_var', 'wav_detail_lvl4_std']",0.6634146341463415,0.6766169154228856,0.6507177033492823,0.7693560608708976,0.6583850931677019,0.5769828926905132,0.7665289256198347,0.6352728598617915,0.6119554204660588,0.7089201877934272,0.5383244206773619,0.6915063443048691,0.9734167318217357,0.9967974379503602,0.9511077158135982,0.9980184909275875,0.6623376623376623,0.5151515151515151,0.9272727272727272,0.9343779163521972
RF,0.7138477709027153,0.967741935483871,0.6503742297574264,0.6857864655931744,0.784787942145105,0.7983193277310925,0.8081839889077216,"{'n_estimators': [100], 'max_depth': [10]}","['wav_detail_lvl5_std', 'wav_approx_std', 'spec_skew', 'mfcc_var', 'wav_detail_lvl3_std', 'wav_detail_lvl4_std']",0.7111111111111111,0.6639004149377593,0.7655502392344498,0.8006349572285606,0.6462646264626463,0.5725677830940988,0.7417355371900827,0.6189318682735389,0.5938144329896907,0.7041564792176039,0.5133689839572193,0.6772813863818343,0.967741935483871,0.9975669099756691,0.9396485867074102,0.9965770781262542,0.6503067484662577,0.49074074074074076,0.9636363636363636,0.9474946545284199
RF,0.7138117671357491,0.9619349722442506,0.6517809658586237,0.6947291588028831,0.7630145124600515,0.7895339954163484,0.7956764910300371,"{'n_estimators': [100], 'max_depth': [10]}","['mfcc_mean', 'wav_approx_std', 'spec_skew', 'NDSI']",0.6635071090047393,0.6572769953051644,0.6698564593301436,0.7288025512571837,0.6553480475382003,0.5561959654178674,0.7975206611570248,0.6656742747464296,0.5699588477366255,0.6739659367396593,0.49376114081996436,0.6649177947254222,0.9619349722442506,1.0,0.9266615737203973,0.9953614381489855,0.7183098591549296,0.5862068965517241,0.9272727272727272,0.9236263962721645
RF,0.7138107896666721,0.96852871754524,0.6501313076970302,0.6841537695698444,0.7695479340061383,0.7887700534759359,0.7877027817906656,"{'n_estimators': [100], 'max_depth': [10]}","['mfcc_mean', 'wav_detail_lvl5_std', 'wav_approx_std', 'spec_skew', 'spec_kurtosis', 'wav_detail_lvl4_std']",0.6444444444444445,0.6016597510373444,0.69377990430622,0.7167402974019308,0.6423357664233577,0.5751633986928104,0.7272727272727273,0.6308345256465041,0.5637450199203188,0.6388261851015802,0.5044563279857398,0.6367429442563113,0.96852871754524,0.9983779399837794,0.9404125286478228,0.995943200872799,0.75,0.6067415730337079,0.9818181818181818,0.9582529407757826
RF,0.7138055650263913,0.9705535924617197,0.6496185581675592,0.6959256403679437,0.7738038460273191,0.8021390374331551,0.8121232733555906,"{'n_estimators': [100], 'max_depth': [10]}","['mfcc_mean', 'wav_detail_lvl5_std', 'spec_skew', 'mfcc_1', 'NDSI', 'wav_detail_lvl3_std']",0.6878048780487804,0.7014925373134329,0.6746411483253588,0.7827141298418928,0.6637781629116117,0.5716417910447761,0.7913223140495868,0.655778590022424,0.5968911917098445,0.7128712871287128,0.5133689839572193,0.6834651114493392,0.9705535924617197,0.9983844911147012,0.9442322383498855,0.997247785881468,0.65,0.49523809523809526,0.9454545454545454,0.9414107495828294
RF,0.7137221369759414,0.970714564623194,0.6494740300641284,0.6905680101868534,0.7753714500154129,0.7975553857906799,0.8075904563400605,"{'n_estimators': [100], 'max_depth': [10]}","['wav_detail_lvl5_std', 'mfcc_1', 'NDSI', 'spec_kurtosis', 'mfcc_var']",0.7061503416856492,0.6739130434782609,0.7416267942583732,0.8027442811096341,0.6430469441984057,0.5627906976744186,0.75,0.6081984256632628,0.5777310924369747,0.7033248081841432,0.49019607843137253,0.6652124865989425,0.970714564623194,0.9928115015974441,0.9495798319327731,0.9982377638472274,0.6709677419354839,0.52,0.9454545454545454,0.9635593244812362
RF,0.7136600128371187,0.968503937007874,0.6499490317944299,0.6889506320387142,0.7806824913523478,0.7967914438502673,0.813264789901765,"{'n_estimators': [100], 'max_depth': [10]}","['wav_detail_lvl5_std', 'wav_approx_std', 'mfcc_1', 'spec_kurtosis', 'mfcc_var', 'wav_detail_lvl3_std']",0.7285067873303167,0.6909871244635193,0.7703349282296651,0.8301476701111908,0.6342756183745583,0.5540123456790124,0.7417355371900827,0.6102096589920583,0.5910509885535901,0.71,0.5062388591800356,0.6843411687481809,0.968503937007874,0.9991876523151909,0.9396485867074102,0.9971759505010223,0.6459627329192547,0.49056603773584906,0.9454545454545454,0.9444495011563726
RF,0.7136534176808681,0.9753424657534246,0.6482311556627289,0.6920969269095355,0.778181988758966,0.8036669213139801,0.8171901826344635,"{'n_estimators': [100], 'max_depth': [10]}","['wav_approx_std', 'mfcc_1', 'NDSI', 'spec_kurtosis', 'mfcc_var', 'wav_detail_lvl3_std', 'wav_detail_lvl4_std']",0.7255813953488373,0.7058823529411765,0.7464114832535885,0.8349912050528875,0.6537102473498233,0.5709876543209876,0.7644628099173554,0.6307478041068102,0.5878661087866108,0.7113924050632912,0.5008912655971479,0.6871242766796881,0.9753424657534246,1.0,0.9518716577540107,0.9982522534140228,0.6257668711656442,0.4722222222222222,0.9272727272727272,0.934835373918909
RF,0.7135321317865407,0.9721240675304279,0.6488841478505689,0.6869845456671025,0.7720986593854593,0.8013750954927426,0.7930165941067507,"{'n_estimators': [100], 'max_depth': [10]}","['mfcc_mean', 'wav_detail_lvl5_std', 'wav_approx_std', 'NDSI', 'wav_detail_lvl3_std']",0.6504424778761062,0.6049382716049383,0.7033492822966507,0.7185131524558052,0.6630532971996387,0.5890850722311396,0.7582644628099173,0.6231198543733423,0.6020408163265306,0.7040572792362768,0.5258467023172906,0.689280123498702,0.9721240675304279,1.0,0.9457601222307105,0.99654845216552,0.68,0.5368421052631579,0.9272727272727272,0.9376213880403844
RF,0.7134179615878592,0.9686520376175548,0.6496094425804353,0.6960590796931121,0.7776698917931679,0.8044308632543926,0.811517511237733,"{'n_estimators': [100], 'max_depth': [10]}","['wav_approx_std', 'NDSI', 'spec_kurtosis', 'mfcc_var', 'wav_detail_lvl3_std']",0.7159904534606205,0.7142857142857143,0.7177033492822966,0.8211722415680298,0.6567685589519651,0.5688350983358548,0.7768595041322314,0.6297037790679543,0.614900314795383,0.7474489795918368,0.5222816399286988,0.6892361761009667,0.9686520376175548,0.9943684633950121,0.9442322383498855,0.9974442235160006,0.6107784431137725,0.45535714285714285,0.9272727272727272,0.920031135935714
RF,0.713382009486659,0.9713837710701686,0.6488815690907815,0.6989955622394837,0.7737810983462545,0.8032849503437739,0.814765447289675,"{'n_estimators': [100], 'max_depth': [10]}","['mfcc_mean', 'wav_approx_std', 'spec_skew', 'mfcc_1', 'NDSI', 'spec_kurtosis', 'mfcc_var', 'wav_detail_lvl3_std']",0.7055961070559611,0.7178217821782178,0.69377990430622,0.8108752799472115,0.6655290102389079,0.5668604651162791,0.8057851239669421,0.6291318456806387,0.5908607863974495,0.7315789473684211,0.49554367201426025,0.6965474664074631,0.9713837710701686,0.9975845410628019,0.946524064171123,0.997788678782542,0.6335403726708074,0.4811320754716981,0.9272727272727272,0.9394839656305192
RF,0.7133817680423735,0.9639780736100235,0.6507326916504609,0.6946866167125465,0.7758752374372977,0.7902979373567609,0.8135717952378909,"{'n_estimators': [100], 'max_depth': [10]}","['spec_skew', 'mfcc_1', 'wav_detail_lvl3_std', 'wav_detail_lvl4_std']",0.7229437229437229,0.6600790513833992,0.7990430622009569,0.805980918742309,0.6440101954120646,0.5468975468975469,0.7830578512396694,0.6480820818772717,0.5373467112597548,0.7172619047619048,0.4295900178253119,0.6845088835970288,0.9639780736100235,0.9887550200803212,0.9404125286478228,0.996265348650804,0.6986301369863014,0.5604395604395604,0.9272727272727272,0.9330217433220412
RF,0.7133284053818353,0.969315499606609,0.6493316318256419,0.6865080484579369,0.7818841098857986,0.7964094728800611,0.8035544351114225,"{'n_estimators': [100], 'max_depth': [10]}","['wav_detail_lvl5_std', 'wav_approx_std', 'mfcc_1', 'spec_kurtosis', 'wav_detail_lvl4_std']",0.7310344827586207,0.7035398230088495,0.7607655502392344,0.7972308538805464,0.6403587443946188,0.5657686212361331,0.737603305785124,0.6027616486776673,0.5795918367346938,0.6778042959427207,0.5062388591800356,0.6650821371068536,0.969315499606609,0.9991889699918897,0.9411764705882353,0.996651758016793,0.6463414634146342,0.48623853211009177,0.9636363636363636,0.9560457778752526
RF,0.713313725646629,0.968147856861974,0.6496051928427927,0.6899487801377124,0.7881932102984734,0.7987012987012987,0.8176184321945049,"{'n_estimators': [100], 'max_depth': [10]}","['wav_detail_lvl5_std', 'spec_skew', 'mfcc_1', 'mfcc_var', 'wav_detail_lvl3_std']",0.7240618101545254,0.6721311475409836,0.784688995215311,0.8223103101264048,0.6515679442508711,0.5632530120481928,0.7727272727272727,0.6271915647530295,0.5803667745415318,0.7349726775956285,0.47950089126559714,0.6915135716864695,0.968147856861974,0.9975688816855753,0.9404125286478228,0.9969453698820873,0.6424242424242425,0.4818181818181818,0.9636363636363636,0.9501313445245333
RF,0.7132819054058986,0.9717203456402199,0.6486722953473183,0.6898367081190704,0.7796777066633526,0.8013750954927426,0.8017494362855409,"{'n_estimators': [100], 'max_depth': [10]}","['mfcc_mean', 'wav_detail_lvl5_std', 'wav_approx_std', 'mfcc_1', 'NDSI', 'mfcc_var', 'wav_detail_lvl3_std']",0.7130044843049327,0.6708860759493671,0.7607655502392344,0.7700333475020669,0.6519823788546255,0.5683563748079877,0.7644628099173554,0.6110187053341108,0.5922023182297155,0.7242268041237113,0.5008912655971479,0.6949715788716531,0.9717203456402199,1.0,0.944996180290298,0.9978370162334033,0.6375,0.4857142857142857,0.9272727272727272,0.9348865334864707
RF,0.7132720075483692,0.967741935483871,0.6496545255644937,0.6919487403132647,0.772744769069002,0.793353705118411,0.7932495955869634,"{'n_estimators': [100], 'max_depth': [10]}","['mfcc_mean', 'wav_detail_lvl5_std', 'spec_skew', 'mfcc_var']",0.7033492822966507,0.7033492822966507,0.7033492822966507,0.7239309965483512,0.6381865736704446,0.5520361990950227,0.756198347107438,0.6094754871200788,0.5775950668036999,0.6820388349514563,0.5008912655971479,0.6738022188962303,0.967741935483871,0.9975669099756691,0.9396485867074102,0.9959094447612167,0.6794871794871795,0.5247524752475248,0.9636363636363636,0.9631298306089405
RF,0.7132208023529364,0.9721459395841506,0.6484895180451328,0.6882710582781131,0.7830703886600311,0.8013750954927426,0.8092569484025516,"{'n_estimators': [100], 'max_depth': [10]}","['wav_detail_lvl5_std', 'wav_approx_std', 'mfcc_1', 'NDSI', 'mfcc_var', 'wav_detail_lvl3_std', 'wav_detail_lvl4_std']",0.7219730941704036,0.679324894514768,0.7703349282296651,0.7885501482380289,0.6404293381037567,0.5646687697160884,0.7396694214876033,0.6213492053132325,0.6012526096033403,0.72544080604534,0.5133689839572193,0.7090592014179216,0.9721459395841506,0.9991935483870967,0.946524064171123,0.9979794327091124,0.6303030303030303,0.4727272727272727,0.9454545454545454,0.9293467543344629
RF,0.7131607478145963,0.9737974188502151,0.6480015800556915,0.6911966127326709,0.7832262596208557,0.806340718105424,0.8188922598478381,"{'n_estimators': [100], 'max_depth': [10]}","['wav_detail_lvl5_std', 'NDSI', 'mfcc_var', 'wav_detail_lvl3_std', 'wav_detail_lvl4_std']",0.7223476297968398,0.6837606837606838,0.7655502392344498,0.7961711240995328,0.6565836298932385,0.5765625,0.762396694214876,0.6547400445765073,0.6059322033898306,0.7467362924281984,0.5098039215686274,0.7148540109262392,0.9737974188502151,0.9975961538461539,0.9511077158135982,0.9975786665827077,0.6071428571428571,0.45132743362831856,0.9272727272727272,0.9311174530542035
RF,0.7131079695604617,0.9673356946084218,0.6495510382984717,0.6912699836089808,0.7735497713657015,0.7925897631779985,0.7927556342919794,"{'n_estimators': [100], 'max_depth': [10]}","['mfcc_mean', 'wav_detail_lvl5_std', 'spec_skew', 'mfcc_1', 'mfcc_var']",0.7028301886792453,0.6930232558139535,0.7129186602870813,0.7278139140767017,0.6388888888888888,0.5508982035928144,0.7603305785123967,0.6050888958811688,0.5726141078838174,0.684863523573201,0.4919786096256685,0.6724916132822941,0.9673356946084218,0.997564935064935,0.9388846447669977,0.996191442956086,0.6838709677419355,0.53,0.9636363636363636,0.9621923052636463
RF,0.7131000384145185,0.9678178963893249,0.649420573920817,0.6909527168032816,0.776280345979192,0.799083269671505,0.8203291696316531,"{'n_estimators': [100], 'max_depth': [10]}","['mfcc_mean', 'wav_detail_lvl5_std', 'spec_skew', 'spec_kurtosis', 'mfcc_var', 'wav_detail_lvl3_std', 'wav_detail_lvl4_std']",0.6971153846153846,0.7004830917874396,0.69377990430622,0.8200351977902792,0.6506666666666666,0.5709828393135725,0.756198347107438,0.6401555145527738,0.5995934959349594,0.6973995271867612,0.5258467023172906,0.6938758432510355,0.9678178963893249,0.9951573849878934,0.9419404125286478,0.9964398660702405,0.6503067484662577,0.49074074074074076,0.9636363636363636,0.9511394264939367
RF,0.7130386795278476,0.9725490196078431,0.6481610945078488,0.6933151930924786,0.7658532208011521,0.7987012987012987,0.8085133556057155,"{'n_estimators': [100], 'max_depth': [10]}","['mfcc_mean', 'wav_approx_std', 'spec_skew', 'mfcc_1', 'NDSI', 'spec_kurtosis', 'wav_detail_lvl4_std']",0.6926829268292682,0.7064676616915423,0.6794258373205742,0.7945421703532396,0.6406388642413487,0.5614307931570762,0.7458677685950413,0.6446234790823835,0.5969849246231156,0.684331797235023,0.5294117647058824,0.6691538880798165,0.9725490196078431,0.9991941982272361,0.9472880061115355,0.9977834785776473,0.6623376623376623,0.5151515151515151,0.9272727272727272,0.9364637619354909
RF,0.7129313180338495,0.9709803921568627,0.648419049503096,0.6956660897950938,0.7780564927145281,0.8044308632543926,0.8085070700312649,"{'n_estimators': [100], 'max_depth': [10]}","['wav_approx_std', 'spec_skew', 'mfcc_1', 'NDSI', 'spec_kurtosis', 'wav_detail_lvl3_std']",0.7092198581560284,0.7009345794392523,0.7177033492822966,0.7950800915536452,0.6712564543889845,0.5752212389380531,0.8057851239669421,0.6405634310461484,0.5912486659551761,0.7367021276595744,0.49376114081996436,0.6871316258121627,0.9709803921568627,0.9975825946817083,0.9457601222307105,0.9971379156181925,0.6219512195121951,0.46788990825688076,0.9272727272727272,0.9226222861261756
RF,0.7129220543846033,0.9729517836142689,0.647914622077187,0.6893862393298237,0.7834211683803578,0.8036669213139801,0.8102230909442614,"{'n_estimators': [100], 'max_depth': [10]}","['wav_detail_lvl5_std', 'mfcc_1', 'NDSI', 'mfcc_var', 'wav_detail_lvl3_std']",0.6977777777777778,0.6514522821576764,0.7511961722488039,0.7746980707702793,0.6637246248896734,0.5793528505392912,0.7768595041322314,0.6432753423253625,0.5921192758253461,0.7354497354497355,0.49554367201426025,0.6973365704954598,0.9729517836142689,0.999194847020934,0.948051948051948,0.9980429877188622,0.6380368098159509,0.48148148148148145,0.9454545454545454,0.9377624834113428
RF,0.712909644527695,0.9713613181639859,0.6482967261186223,0.6924096763710341,0.7745925825745695,0.8002291825821237,0.8124578883646884,"{'n_estimators': [100], 'max_depth': [10]}","['mfcc_mean', 'wav_detail_lvl5_std', 'spec_skew', 'NDSI', 'mfcc_var', 'wav_detail_lvl3_std', 'wav_detail_lvl4_std']",0.6983372921615202,0.6933962264150944,0.7033492822966507,0.7919283509339444,0.6514886164623468,0.5653495440729484,0.768595041322314,0.6371534727173032,0.5933609958506224,0.7096774193548387,0.5098039215686274,0.6933404407470859,0.9713613181639859,0.9983870967741936,0.9457601222307105,0.9976392167314156,0.65,0.49523809523809526,0.9454545454545454,0.9422279606936927
RF,0.712819863806884,0.9711163153786104,0.6482457509139523,0.688493520666239,0.7782799122258733,0.80061115355233,0.8164071797336415,"{'n_estimators': [100], 'max_depth': [10]}","['wav_detail_lvl5_std', 'NDSI', 'spec_kurtosis', 'mfcc_var', 'wav_detail_lvl4_std']",0.7123287671232876,0.6812227074235808,0.7464114832535885,0.8223476383079786,0.6432432432432432,0.5702875399361023,0.737603305785124,0.6339452956621403,0.5954356846473029,0.7121588089330024,0.5115864527629234,0.6816230061773217,0.9711163153786104,0.9928172386272945,0.9503437738731857,0.9977430260007039,0.6419753086419753,0.48598130841121495,0.9454545454545454,0.9463769325200633
RF,0.7127910089639105,0.9697920753236563,0.648540742373974,0.6846975769834047,0.7782614533416673,0.8009931245225362,0.8062270371510099,"{'n_estimators': [100], 'max_depth': [10]}","['wav_detail_lvl5_std', 'spec_skew', 'NDSI', 'spec_kurtosis', 'wav_detail_lvl3_std', 'wav_detail_lvl4_std']",0.6755555555555556,0.6307053941908713,0.7272727272727273,0.787542703997479,0.6624203821656051,0.591869918699187,0.7520661157024794,0.6717401389494693,0.5979591836734693,0.6992840095465394,0.5222816399286988,0.644850199348694,0.9697920753236563,0.9967741935483871,0.9442322383498855,0.9963341418238291,0.6582278481012658,0.5048543689320388,0.9454545454545454,0.9306680016355778
RF,0.7126631533831098,0.971875,0.6478601917288873,0.6883503126567388,0.7761229641922014,0.7994652406417112,0.8087136809144031,"{'n_estimators': [100], 'max_depth': [10]}","['wav_detail_lvl5_std', 'mfcc_1', 'NDSI', 'spec_kurtosis', 'mfcc_var', 'wav_detail_lvl4_std']",0.7048054919908466,0.6754385964912281,0.7368421052631579,0.8038719637124374,0.6439461883408072,0.5689381933438986,0.7417355371900827,0.6262106426618028,0.5886010362694301,0.7029702970297029,0.5062388591800356,0.675555945809111,0.971875,0.9944044764188649,0.9503437738731857,0.9983421825039995,0.6540880503144654,0.5,0.9454545454545454,0.9395876698846641
RF,0.7126610154488723,0.970102281667978,0.6483006988940958,0.6897661034772847,0.7682312368183462,0.7929717341482048,0.7983401467804618,"{'n_estimators': [100], 'max_depth': [10]}","['mfcc_mean', 'wav_approx_std', 'mfcc_1', 'spec_kurtosis', 'wav_detail_lvl4_std']",0.6811594202898551,0.6878048780487804,0.6746411483253588,0.7899285070490089,0.6484098939929329,0.566358024691358,0.7582644628099173,0.5991300980534509,0.5662650602409639,0.6482758620689655,0.5026737967914439,0.6645297832764395,0.970102281667978,1.0,0.9419404125286478,0.9969263096828156,0.6973684210526315,0.5463917525773195,0.9636363636363636,0.941186035840594
RF,0.7125743850403576,0.9725274725274725,0.6475861131685788,0.6899175868342065,0.7766229136282612,0.8032849503437739,0.8128623368463164,"{'n_estimators': [100], 'max_depth': [10]}","['wav_approx_std', 'NDSI', 'spec_kurtosis', 'mfcc_var', 'wav_detail_lvl3_std', 'wav_detail_lvl4_std']",0.7203791469194313,0.7136150234741784,0.7272727272727273,0.8114439435705354,0.6559139784946236,0.5791139240506329,0.756198347107438,0.6226213404985556,0.5995934959349594,0.6973995271867612,0.5258467023172906,0.7006066664808854,0.9725274725274725,1.0,0.946524064171123,0.997478587358023,0.6144578313253012,0.4594594594594595,0.9272727272727272,0.9321611463235824
RF,0.7125730555503427,0.9721459395841506,0.6476798345418907,0.6999982712388488,0.7747947530469342,0.8036669213139801,0.8089149925418312,"{'n_estimators': [100], 'max_depth': [10]}","['mfcc_mean', 'wav_approx_std', 'spec_skew', 'mfcc_1', 'NDSI', 'mfcc_var', 'wav_detail_lvl3_std']",0.7070217917675545,0.7156862745098039,0.6985645933014354,0.7965219677482419,0.6615905245346869,0.5601719197707736,0.8078512396694215,0.6133435030667096,0.596340150699677,0.7527173913043478,0.49376114081996436,0.7070997060768802,0.9721459395841506,0.9991935483870967,0.946524064171123,0.9975831409368954,0.6257668711656442,0.4722222222222222,0.9272727272727272,0.9300266448804292
RF,0.7122459463033952,0.9661949685534591,0.6487586907408793,0.6895664961833395,0.7708994289320774,0.7910618792971734,0.7921036179265953,"{'n_estimators': [100], 'max_depth': [10]}","['mfcc_mean', 'wav_detail_lvl5_std', 'spec_skew', 'mfcc_1']",0.7030878859857482,0.6981132075471698,0.7081339712918661,0.7211246129471051,0.6290748898678414,0.5483870967741935,0.737603305785124,0.6051536661098346,0.5790010193679919,0.6761904761904762,0.5062388591800356,0.6715607152827221,0.9661949685534591,0.9951417004048583,0.9388846447669977,0.9962075007994917,0.6838709677419355,0.53,0.9636363636363636,0.966471594493823
RF,0.7121332920899586,0.9697445972495088,0.647730465800071,0.6914871172054495,0.7744363582753675,0.7967914438502673,0.802181367044977,"{'n_estimators': [100], 'max_depth': [10]}","['wav_detail_lvl5_std', 'wav_approx_std', 'spec_skew', 'mfcc_1', 'NDSI']",0.7090909090909091,0.6753246753246753,0.7464114832535885,0.7598318903615912,0.6459412780656304,0.5548961424332344,0.7727272727272727,0.6269501612153386,0.5778251599147122,0.7188328912466844,0.483065953654189,0.6774708261646275,0.9697445972495088,0.9983818770226537,0.9427043544690603,0.997480961362049,0.6580645161290323,0.51,0.9272727272727272,0.9491729961212785
RF,0.7120889565908307,0.9713837710701686,0.6472652529709962,0.6881330611993959,0.7727850130917961,0.793353705118411,0.8124738040681034,"{'n_estimators': [100], 'max_depth': [10]}","['wav_detail_lvl5_std', 'wav_approx_std', 'spec_skew', 'mfcc_1', 'NDSI', 'spec_kurtosis', 'mfcc_var', 'wav_detail_lvl4_std']",0.7201834862385321,0.6916299559471366,0.7511961722488039,0.8037149187033293,0.6223404255319149,0.5450310559006211,0.7252066115702479,0.6288422534731879,0.5755693581780539,0.6864197530864198,0.49554367201426025,0.6762641793777139,0.9713837710701686,0.9975845410628019,0.946524064171123,0.9978222558883277,0.6709677419354839,0.52,0.9454545454545454,0.955725412897959
RF,0.7120805661726622,0.9705072748721982,0.6474738889977782,0.6937912356924024,0.7752269833553256,0.7998472116119175,0.8031868835983064,"{'n_estimators': [100], 'max_depth': [10]}","['mfcc_mean', 'wav_approx_std', 'mfcc_1', 'NDSI', 'mfcc_var', 'wav_detail_lvl3_std', 'wav_detail_lvl4_std']",0.7053364269141531,0.6846846846846847,0.7272727272727273,0.7862802691644408,0.6518010291595198,0.5571847507331378,0.7851239669421488,0.602792487707109,0.5912486659551761,0.7367021276595744,0.49376114081996436,0.707347783879604,0.9705072748721982,1.0,0.9427043544690603,0.9977687092887769,0.6415094339622641,0.49038461538461536,0.9272727272727272,0.9217451679516013
RF,0.7119923580789569,0.9694117647058823,0.6476375064222255,0.6925468365798745,0.7753514924891227,0.7998472116119175,0.8202764083848955,"{'n_estimators': [100], 'max_depth': [10]}","['mfcc_mean', 'wav_detail_lvl5_std', 'spec_skew', 'NDSI', 'spec_kurtosis', 'mfcc_var', 'wav_detail_lvl3_std', 'wav_detail_lvl4_std']",0.7027027027027027,0.7222222222222222,0.6842105263157895,0.8255540868181798,0.6519434628975265,0.5694444444444444,0.762396694214876,0.6348210420195585,0.5973496432212029,0.6976190476190476,0.5222816399286988,0.7003593082712027,0.9694117647058823,0.9959709911361805,0.9442322383498855,0.9969943815908591,0.6385542168674698,0.4774774774774775,0.9636363636363636,0.9436532232246774
RF,0.7119755916926701,0.9678935003915426,0.647996114517952,0.6862270269560616,0.7759839072645152,0.7948815889992361,0.8166273723071221,"{'n_estimators': [100], 'max_depth': [10]}","['mfcc_mean', 'wav_detail_lvl5_std', 'mfcc_1', 'spec_kurtosis', 'wav_detail_lvl3_std', 'wav_detail_lvl4_std']",0.700228832951945,0.6710526315789473,0.7320574162679426,0.8058882818137489,0.6385650224215247,0.5641838351822503,0.7355371900826446,0.635028323105584,0.5823045267489712,0.6885644768856448,0.5044563279857398,0.6901461303207987,0.9678935003915426,0.9927710843373494,0.9442322383498855,0.9970114651116322,0.6708860759493671,0.5145631067961165,0.9636363636363636,0.9550626611838463
RF,0.7119523657584592,0.9721240675304279,0.646909440315467,0.6951297618596047,0.7636005058830839,0.7971734148204737,0.8055026933311099,"{'n_estimators': [100], 'max_depth': [10]}","['mfcc_mean', 'wav_approx_std', 'mfcc_1', 'NDSI', 'spec_kurtosis']",0.6898263027295285,0.7164948453608248,0.6650717703349283,0.7934681118386986,0.6457789382071366,0.5578947368421052,0.7665289256198347,0.632189289395289,0.5853658536585366,0.6808510638297872,0.5133689839572193,0.6638485098405325,0.9721240675304279,1.0,0.9457601222307105,0.9978714817875229,0.6666666666666666,0.5204081632653061,0.9272727272727272,0.9401360737935072
RF,0.7118865912330513,0.9749412685982772,0.6461229218917448,0.6880063821304399,0.7804876435132557,0.8032849503437739,0.8083835839854918,"{'n_estimators': [100], 'max_depth': [10]}","['wav_approx_std', 'mfcc_1', 'NDSI', 'wav_detail_lvl3_std', 'wav_detail_lvl4_std']",0.7111111111111111,0.6639004149377593,0.7655502392344498,0.7933910098357982,0.6583850931677019,0.5769828926905132,0.7665289256198347,0.6189452515099386,0.5853658536585366,0.7225130890052356,0.4919786096256685,0.7097271035754061,0.9749412685982772,1.0,0.9511077158135982,0.9980274597901472,0.6296296296296297,0.4766355140186916,0.9272727272727272,0.9218270952161691
RF,0.7118370082910196,0.971764705882353,0.6468550838931862,0.6903787063363692,0.7755175737106501,0.8044308632543926,0.7978199933404626,"{'n_estimators': [100], 'max_depth': [10]}","['mfcc_mean', 'wav_detail_lvl5_std', 'wav_approx_std', 'NDSI', 'mfcc_var', 'wav_detail_lvl4_std']",0.6932084309133489,0.6788990825688074,0.7081339712918661,0.7480131437321242,0.6571936056838366,0.5763239875389408,0.7644628099173554,0.6020033836635229,0.6150670794633643,0.7303921568627451,0.5311942959001783,0.700276929130736,0.971764705882353,0.9983883964544722,0.946524064171123,0.997610447487684,0.6219512195121951,0.46788990825688076,0.9272727272727272,0.9411960626882455
RF,0.7116961845478568,0.9635437083496668,0.6487343035974044,0.6993938660509955,0.7751556699234717,0.7967914438502673,0.802709504251131,"{'n_estimators': [100], 'max_depth': [10]}","['mfcc_mean', 'spec_skew', 'mfcc_1', 'spec_kurtosis', 'mfcc_var', 'wav_detail_lvl3_std']",0.7198067632850241,0.7268292682926829,0.7129186602870813,0.7807296486265016,0.6492411467116358,0.5484330484330484,0.7954545454545454,0.5981695278076743,0.5878524945770065,0.7506925207756233,0.483065953654189,0.6942046968481943,0.9635437083496668,0.9895330112721417,0.9388846447669977,0.9962128467138097,0.6380368098159509,0.48148148148148145,0.9454545454545454,0.9442308012594749
RF,0.711516355393435,0.9745397571484528,0.6457605049546806,0.6892001264652539,0.7779672443139936,0.8021390374331551,0.8079831556261322,"{'n_estimators': [100], 'max_depth': [10]}","['wav_approx_std', 'mfcc_1', 'NDSI', 'mfcc_var', 'wav_detail_lvl3_std', 'wav_detail_lvl4_std']",0.7214611872146118,0.6899563318777293,0.7559808612440191,0.811620716880727,0.6436170212765957,0.5636645962732919,0.75,0.6051199257504668,0.5960125918153201,0.7244897959183674,0.5062388591800356,0.7038999805990255,0.9745397571484528,1.0,0.9503437738731857,0.9982731122141123,0.6219512195121951,0.46788990825688076,0.9272727272727272,0.921002042686329
RF,0.7115138007947075,0.9666535896429973,0.647728853582635,0.690400483270281,0.7728801951402572,0.7941176470588235,0.8103809499528676,"{'n_estimators': [100], 'max_depth': [10]}","['mfcc_mean', 'wav_detail_lvl5_std', 'spec_skew', 'mfcc_1', 'spec_kurtosis', 'mfcc_var', 'wav_detail_lvl4_std']",0.7067307692307693,0.7101449275362319,0.7033492822966507,0.7728751355548708,0.6385224274406333,0.555895865237366,0.75,0.6250462954509425,0.5831622176591376,0.6876513317191283,0.5062388591800356,0.6831998329021022,0.9666535896429973,0.9935483870967742,0.9411764705882353,0.9967616801157548,0.6625,0.5047619047619047,0.9636363636363636,0.9740218057406679
RF,0.711497915214383,0.9685781618224666,0.6472278535623621,0.6908687900191168,0.7734195966337818,0.7994652406417112,0.8106444847343208,"{'n_estimators': [100], 'max_depth': [10]}","['mfcc_mean', 'wav_detail_lvl5_std', 'spec_skew', 'mfcc_1', 'NDSI']",0.702576112412178,0.6880733944954128,0.7177033492822966,0.7763924249380311,0.6509186351706037,0.5644916540212443,0.768595041322314,0.6512310281140339,0.5979166666666667,0.7192982456140351,0.5115864527629234,0.6751657794657949,0.9685781618224666,0.9967663702506063,0.9419404125286478,0.9970712204854043,0.6375,0.4857142857142857,0.9272727272727272,0.9533619706683405
RF,0.7114300789021739,0.9677926158680282,0.6473394446607104,0.6888153248428461,0.7756554853346298,0.7941176470588235,0.8072313850181263,"{'n_estimators': [100], 'max_depth': [10]}","['mfcc_mean', 'wav_detail_lvl5_std', 'mfcc_1', 'spec_kurtosis', 'mfcc_var', 'wav_detail_lvl4_std']",0.7136150234741784,0.7004608294930875,0.7272727272727273,0.7881245148761404,0.6320422535211268,0.5506134969325154,0.7417355371900827,0.6062736417745656,0.5853154084798345,0.6970443349753694,0.5044563279857398,0.682274762233134,0.9677926158680282,0.9959579628132579,0.9411764705882353,0.9968892734359937,0.6583850931677019,0.5,0.9636363636363636,0.9625947327707977
RF,0.7114073528633451,0.968503937007874,0.6471332068272129,0.6880240693648725,0.7793357847706285,0.7960275019098548,0.8022798918734345,"{'n_estimators': [100], 'max_depth': [10]}","['wav_detail_lvl5_std', 'wav_approx_std', 'spec_skew', 'mfcc_1', 'wav_detail_lvl3_std']",0.7146067415730337,0.673728813559322,0.7607655502392344,0.7811255482751567,0.6434176111595467,0.5565610859728507,0.762396694214876,0.6063245235495015,0.5805084745762712,0.7154046997389034,0.48841354723707664,0.6888545634002494,0.968503937007874,0.9991876523151909,0.9396485867074102,0.9962813648840699,0.65,0.49523809523809526,0.9454545454545454,0.9388134592581955
RF,0.7113498016122853,0.9696969696969697,0.6467630095911142,0.6911520932234732,0.7738906941637029,0.799083269671505,0.8006602159835271,"{'n_estimators': [100], 'max_depth': [10]}","['mfcc_mean', 'wav_approx_std', 'mfcc_1', 'spec_kurtosis', 'wav_detail_lvl3_std', 'wav_detail_lvl4_std']",0.704225352112676,0.6912442396313364,0.7177033492822966,0.8005021116260804,0.6614853195164075,0.5682492581602374,0.7913223140495868,0.5886555092945902,0.5798319327731093,0.7058823529411765,0.4919786096256685,0.6833633143034703,0.9696969696969697,1.0,0.9411764705882353,0.9967048702108758,0.6415094339622641,0.49038461538461536,0.9272727272727272,0.9340752744826193
RF,0.7113302936520631,0.969315499606609,0.6468339921634267,0.6889203858991209,0.7770499535177272,0.7941176470588235,0.805418102369908,"{'n_estimators': [100], 'max_depth': [10]}","['mfcc_mean', 'wav_approx_std', 'spec_skew', 'mfcc_1', 'mfcc_var', 'wav_detail_lvl3_std', 'wav_detail_lvl4_std']",0.7099767981438515,0.6891891891891891,0.7320574162679426,0.8038894338892261,0.6458874458874458,0.555886736214605,0.7706611570247934,0.5994606110458804,0.5648050579557429,0.6907216494845361,0.47771836007130125,0.6858970815848071,0.969315499606609,0.9991889699918897,0.9411764705882353,0.9972364461737506,0.6666666666666666,0.5096153846153846,0.9636363636363636,0.9406069391558756
RF,0.7112290881876809,0.9639215686274509,0.6480559680777385,0.6940014715806624,0.7732029880242658,0.7948815889992361,0.8060922804009237,"{'n_estimators': [100], 'max_depth': [10]}","['mfcc_mean', 'spec_skew', 'mfcc_1', 'spec_kurtosis', 'wav_detail_lvl3_std', 'wav_detail_lvl4_std']",0.7061611374407583,0.6995305164319249,0.7129186602870813,0.7645542913185733,0.6524338172502135,0.5560407569141194,0.7892561983471075,0.6429857079806051,0.5754010695187166,0.7192513368983957,0.47950089126559714,0.6941342437170075,0.9639215686274509,0.9903303787268332,0.9388846447669977,0.9965671876080422,0.6582278481012658,0.5048543689320388,0.9454545454545454,0.9322199713803907
RF,0.7111418698646693,0.970125786163522,0.6463958907899561,0.6910049816522996,0.7758553042791714,0.8002291825821237,0.8075067544543254,"{'n_estimators': [100], 'max_depth': [10]}","['mfcc_mean', 'wav_detail_lvl5_std', 'wav_approx_std', 'spec_skew', 'spec_kurtosis', 'mfcc_var', 'wav_detail_lvl3_std']",0.6876513317191283,0.696078431372549,0.6794258373205742,0.7896030423400071,0.6567425569176882,0.5699088145896657,0.7747933884297521,0.6197649732801241,0.5987654320987654,0.708029197080292,0.5187165775401069,0.6842614717815234,0.970125786163522,0.9991902834008097,0.9427043544690603,0.9964959835654362,0.6424242424242425,0.4818181818181818,0.9636363636363636,0.947408301304536
RF,0.7111385111977065,0.9694596711041503,0.6465582212210955,0.6967905589236381,0.7740385479985818,0.7998472116119175,0.8125025481220558,"{'n_estimators': [100], 'max_depth': [10]}","['wav_approx_std', 'spec_skew', 'mfcc_1', 'NDSI', 'spec_kurtosis', 'mfcc_var', 'wav_detail_lvl3_std']",0.7139479905437353,0.705607476635514,0.722488038277512,0.8243486974662259,0.6530612244897959,0.5549132947976878,0.7933884297520661,0.6232261575452408,0.5856832971800434,0.7479224376731302,0.48128342245989303,0.681539565996918,0.9694596711041503,0.9943775100401606,0.9457601222307105,0.9979793996836791,0.6335403726708074,0.4811320754716981,0.9272727272727272,0.9354189199182156
RF,0.7110936724648932,0.9729941291585127,0.6456185582914883,0.6918471572046709,0.7757138836395802,0.8017570664629489,0.7970060218865969,"{'n_estimators': [100], 'max_depth': [10]}","['mfcc_mean', 'wav_detail_lvl5_std', 'mfcc_1', 'NDSI', 'mfcc_var']",0.7014218009478673,0.6948356807511737,0.7081339712918661,0.742868911531173,0.6538461538461539,0.5666666666666667,0.7727272727272727,0.6036754188539954,0.5930599369085173,0.7230769230769231,0.5026737967914439,0.7075277959254611,0.9729941291585127,0.9975922953451043,0.9495798319327731,0.998109262340657,0.6341463414634146,0.47706422018348627,0.9454545454545454,0.9328487207816982
RF,0.711063867419907,0.9675654552559594,0.6469384704608938,0.6867585271328605,0.7640524500361259,0.8040488922841864,0.7851556456145953,"{'n_estimators': [100], 'max_depth': [10]}","['mfcc_mean', 'spec_skew', 'NDSI', 'wav_detail_lvl4_std']",0.6428571428571429,0.6398104265402843,0.645933014354067,0.7129132393145028,0.6771507863089732,0.6130653266331658,0.756198347107438,0.6528692438393167,0.6183953033268101,0.6854663774403471,0.5632798573975044,0.654650249290936,0.9675654552559594,0.9904,0.9457601222307105,0.9969611416206825,0.6493506493506493,0.5050505050505051,0.9090909090909091,0.9083843540075381
RF,0.7109852443245485,0.970125786163522,0.6462001088648052,0.6871645484544266,0.772450157966623,0.793353705118411,0.8008691667726993,"{'n_estimators': [100], 'max_depth': [10]}","['mfcc_mean', 'wav_detail_lvl5_std', 'wav_approx_std', 'spec_skew', 'mfcc_1', 'mfcc_var', 'wav_detail_lvl4_std']",0.7011764705882353,0.6898148148148148,0.7129186602870813,0.7673366230036207,0.6282165039929015,0.5505443234836703,0.731404958677686,0.6081063103824318,0.5845213849287169,0.6817102137767221,0.5115864527629234,0.6769416127596382,0.970125786163522,0.9991902834008097,0.9427043544690603,0.9972014620668004,0.6708860759493671,0.5145631067961165,0.9636363636363636,0.9547598256510057
RF,0.7109000966880492,0.9617658651951123,0.6481836545612834,0.6907764528549091,0.7766945438462466,0.7891520244461421,0.782825458919173,"{'n_estimators': [100], 'max_depth': [10]}","['mfcc_mean', 'mfcc_1', 'mfcc_var', 'wav_detail_lvl3_std']",0.7388235294117647,0.7268518518518519,0.7511961722488039,0.7661026148888042,0.6242476354256233,0.5346097201767305,0.75,0.5614588195659218,0.5753424657534246,0.7036082474226805,0.48663101604278075,0.7001547965720591,0.9617658651951123,0.993485342019544,0.932009167303285,0.9950058204730657,0.654320987654321,0.4953271028037383,0.9636363636363636,0.8914052430960141
RF,0.7108615699849221,0.9745795854517012,0.6449320661182273,0.690968612296029,0.7675047121937074,0.8032849503437739,0.805022798407915,"{'n_estimators': [100], 'max_depth': [10]}","['mfcc_mean', 'wav_approx_std', 'mfcc_1', 'NDSI', 'spec_kurtosis', 'wav_detail_lvl4_std']",0.6763990267639902,0.6881188118811881,0.6650717703349283,0.791264713637728,0.656556645851918,0.5777080062794349,0.7603305785123967,0.621971713460212,0.6052631578947368,0.7002341920374707,0.5329768270944741,0.6743946687751851,0.9745795854517012,0.9983974358974359,0.9518716577540107,0.9980331579651813,0.6415094339622641,0.49038461538461536,0.9272727272727272,0.9394497382012684
RF,0.7107275260229337,0.9692913385826771,0.6460865728829978,0.6933925339813396,0.7745375714444107,0.7971734148204737,0.8043858955143535,"{'n_estimators': [100], 'max_depth': [10]}","['mfcc_mean', 'wav_approx_std', 'mfcc_1', 'spec_kurtosis', 'mfcc_var', 'wav_detail_lvl3_std']",0.7129186602870813,0.7129186602870813,0.7129186602870813,0.8218240433112393,0.6426735218508998,0.5490483162518301,0.7747933884297521,0.5859387731721244,0.5907172995780591,0.7235142118863049,0.49910873440285203,0.6802072081875677,0.9692913385826771,1.0,0.9404125286478228,0.9966316071052147,0.6380368098159509,0.48148148148148145,0.9454545454545454,0.937327845795621
RF,0.7106929417519392,0.9722330856472429,0.6453079057781133,0.689493084773164,0.775391492830277,0.80061115355233,0.7887389959842696,"{'n_estimators': [100], 'max_depth': [10]}","['mfcc_mean', 'wav_detail_lvl5_std', 'NDSI', 'mfcc_var', 'wav_detail_lvl4_std']",0.6944444444444444,0.672645739910314,0.7177033492822966,0.7352204522043844,0.646072374227714,0.5639445300462249,0.756198347107438,0.5987170347551943,0.5987394957983193,0.7289002557544757,0.5080213903743316,0.6899916445133973,0.9722330856472429,0.9959935897435898,0.9495798319327731,0.9977818661630028,0.6419753086419753,0.48598130841121495,0.9454545454545454,0.921983982285369
RF,0.710637692290246,0.9705766967438211,0.6456529411768521,0.6915491581371433,0.7710682515720512,0.8013750954927426,0.8123752662609253,"{'n_estimators': [100], 'max_depth': [10]}","['mfcc_mean', 'wav_detail_lvl5_std', 'spec_skew', 'NDSI', 'mfcc_var']",0.6857142857142857,0.6824644549763034,0.6889952153110048,0.782036802411769,0.6579406631762653,0.5694864048338368,0.7789256198347108,0.6388697634289618,0.6014568158168574,0.7225,0.5151515151515151,0.6926106806060276,0.9705766967438211,0.9975806451612903,0.944996180290298,0.9975033696099799,0.6375,0.4857142857142857,0.9272727272727272,0.9508557152478875
RF,0.7105750166730418,0.9680976762504924,0.6461943517786792,0.6831686470649845,0.7820270291674738,0.7944996180290298,0.813609637503135,"{'n_estimators': [100], 'max_depth': [10]}","['wav_detail_lvl5_std', 'spec_skew', 'mfcc_1', 'wav_detail_lvl3_std', 'wav_detail_lvl4_std']",0.7171492204899778,0.6708333333333333,0.7703349282296651,0.7962827125679085,0.6393588601959038,0.5618153364632238,0.7417355371900827,0.6501990051984461,0.577962577962578,0.6932668329177057,0.49554367201426025,0.6732097984407779,0.9680976762504924,0.9991869918699187,0.9388846447669977,0.9963511423288337,0.6503067484662577,0.49074074074074076,0.9636363636363636,0.9520055289797087
RF,0.710448032687518,0.9717425431711146,0.6451244050666188,0.6859345167268434,0.7659224873072326,0.8029029793735676,0.7919277491126049,"{'n_estimators': [100], 'max_depth': [10]}","['mfcc_mean', 'wav_detail_lvl5_std', 'wav_approx_std', 'NDSI', 'wav_detail_lvl4_std']",0.6382978723404256,0.6308411214953271,0.645933014354067,0.7166535556849817,0.6575342465753424,0.5891980360065466,0.743801652892562,0.6099005155625128,0.6266009852216748,0.7004405286343612,0.5668449197860963,0.6914833519228558,0.9717425431711146,0.9991928974979822,0.9457601222307105,0.9970010863940484,0.6580645161290323,0.51,0.9272727272727272,0.944600235998626
RF,0.7104285497181756,0.9667058362710537,0.6463592280799562,0.6905889217955176,0.7724266183202293,0.7960275019098548,0.797440383332001,"{'n_estimators': [100], 'max_depth': [10]}","['mfcc_mean', 'spec_skew', 'mfcc_var', 'wav_detail_lvl3_std', 'wav_detail_lvl4_std']",0.6915887850467289,0.6757990867579908,0.7081339712918661,0.7511482878102604,0.6545454545454545,0.563338301043219,0.78099173553719,0.614900366450162,0.5768822905620361,0.7120418848167539,0.48484848484848486,0.6903459234176186,0.9667058362710537,0.9919614147909968,0.9427043544690603,0.9963016098552532,0.6624203821656051,0.5098039215686274,0.9454545454545454,0.9345057291267104
RF,0.7103842298536935,0.9725274725274725,0.6448484191852487,0.6868255093657086,0.7784259140802907,0.8017570664629489,0.8038039305124309,"{'n_estimators': [100], 'max_depth': [10]}","['wav_detail_lvl5_std', 'wav_approx_std', 'mfcc_1', 'NDSI', 'wav_detail_lvl3_std']",0.6993318485523385,0.6541666666666667,0.7511961722488039,0.7462440794780398,0.6548672566371682,0.5727554179566563,0.7644628099173554,0.6319890765396468,0.5955649419218585,0.7305699481865285,0.5026737967914439,0.7193242729711786,0.9725274725274725,1.0,0.946524064171123,0.997346434209194,0.6296296296296297,0.4766355140186916,0.9272727272727272,0.9241157893640951
RF,0.7103160887359932,0.968147856861974,0.6458581467044981,0.6915969657599759,0.7751209452898167,0.7975553857906799,0.8085283040133995,"{'n_estimators': [100], 'max_depth': [10]}","['mfcc_mean', 'wav_approx_std', 'spec_skew', 'mfcc_1', 'spec_kurtosis', 'mfcc_var', 'wav_detail_lvl3_std', 'wav_detail_lvl4_std']",0.7028301886792453,0.6930232558139535,0.7129186602870813,0.8152328014606707,0.6517626827171109,0.5581737849779087,0.7830578512396694,0.6039563290642179,0.586864406779661,0.7232375979112271,0.49376114081996436,0.6908830622086037,0.968147856861974,0.9975688816855753,0.9404125286478228,0.99706033888558,0.6419753086419753,0.48598130841121495,0.9454545454545454,0.935508988447925
RF,0.7102281302167526,0.9713388299960738,0.6449504552719222,0.6878455240805704,0.7802398436538599,0.80061115355233,0.8058201319085491,"{'n_estimators': [100], 'max_depth': [10]}","['mfcc_mean', 'wav_detail_lvl5_std', 'mfcc_1', 'NDSI', 'wav_detail_lvl3_std']",0.695067264573991,0.6540084388185654,0.7416267942583732,0.7506590168909671,0.6590909090909091,0.5712121212121212,0.7789256198347108,0.6454898929478882,0.5876068376068376,0.7333333333333333,0.49019607843137253,0.6987086964697434,0.9713388299960738,0.9991922455573505,0.944996180290298,0.9976499199930773,0.6380368098159509,0.48148148148148145,0.9454545454545454,0.9365931332410697
RF,0.7101364477617377,0.9749412685982772,0.6439352425526028,0.6893911454829432,0.7733570922932026,0.8021390374331551,0.8142331965583984,"{'n_estimators': [100], 'max_depth': [10]}","['wav_approx_std', 'spec_skew', 'mfcc_1', 'NDSI', 'spec_kurtosis', 'mfcc_var', 'wav_detail_lvl3_std', 'wav_detail_lvl4_std']",0.7109004739336493,0.704225352112676,0.7177033492822966,0.8139550451295489,0.654288240495137,0.5718701700154559,0.7644628099173554,0.6377374818277219,0.5886010362694301,0.7029702970297029,0.5062388591800356,0.6865876486219842,0.9749412685982772,1.0,0.9511077158135982,0.9982504386425926,0.6219512195121951,0.46788990825688076,0.9272727272727272,0.9346353685701444
RF,0.7100673496123531,0.971764705882353,0.6446430105448532,0.6894498390335965,0.7732558913082415,0.7998472116119175,0.8176190595576001,"{'n_estimators': [100], 'max_depth': [10]}","['mfcc_mean', 'wav_detail_lvl5_std', 'spec_skew', 'mfcc_1', 'NDSI', 'spec_kurtosis', 'wav_detail_lvl4_std']",0.6911764705882353,0.7085427135678392,0.6746411483253588,0.8004924923034593,0.6488413547237076,0.5705329153605015,0.7520661157024794,0.6519458655171344,0.6,0.6923076923076923,0.5294117647058824,0.6800194089011133,0.971764705882353,0.9983883964544722,0.946524064171123,0.9976115334282593,0.6385542168674698,0.4774774774774775,0.9636363636363636,0.9580259976380338
RF,0.7100142293241176,0.9640625,0.6465021616551471,0.6934555677223331,0.7638917054425075,0.7880061115355232,0.7950080841279717,"{'n_estimators': [100], 'max_depth': [10]}","['mfcc_1', 'spec_kurtosis', 'wav_detail_lvl3_std']",0.6924829157175398,0.6608695652173913,0.7272727272727273,0.8238012228390954,0.6377551020408163,0.541907514450867,0.7747933884297521,0.5593688314706474,0.5474372955288986,0.7050561797752809,0.4474153297682709,0.6640950620822309,0.9640625,0.9864108713029577,0.9427043544690603,0.994315774575,0.7083333333333334,0.5730337078651685,0.9272727272727272,0.9334595296728851
RF,0.7099074648383403,0.9717425431711146,0.6444486952551468,0.6928320157665709,0.7576507749685346,0.7929717341482048,0.8062473913498277,"{'n_estimators': [100], 'max_depth': [10]}","['mfcc_mean', 'wav_approx_std', 'NDSI', 'spec_kurtosis', 'mfcc_var']",0.674937965260546,0.7010309278350515,0.6507177033492823,0.7965025050967054,0.6399302528334786,0.5535444947209653,0.7582644628099173,0.6342544065995152,0.5737373737373738,0.662004662004662,0.5062388591800356,0.6645797850880226,0.9717425431711146,0.9991928974979822,0.9457601222307105,0.9979322122582265,0.6891891891891891,0.5483870967741935,0.9272727272727272,0.9379680477066685
RF,0.7098809043513918,0.9674892283587936,0.6454788233495413,0.684808208489135,0.7748750339631286,0.793353705118411,0.8068727255275474,"{'n_estimators': [100], 'max_depth': [10]}","['mfcc_mean', 'wav_detail_lvl5_std', 'spec_skew', 'mfcc_var', 'wav_detail_lvl3_std', 'wav_detail_lvl4_std']",0.6954545454545454,0.6623376623376623,0.7320574162679426,0.7863910974637992,0.6370106761565836,0.559375,0.7396694214876033,0.61492589176627,0.578563995837669,0.695,0.49554367201426025,0.6848108132626781,0.9674892283587936,0.9927652733118971,0.9434682964094728,0.996773507479906,0.6708860759493671,0.5145631067961165,0.9636363636363636,0.9514623176650835
RF,0.7097869495639453,0.9717203456402199,0.6443036005448767,0.6850045167118338,0.7656101239974025,0.8044308632543926,0.7827421978230756,"{'n_estimators': [100], 'max_depth': [10]}","['mfcc_mean', 'wav_approx_std', 'NDSI', 'wav_detail_lvl4_std']",0.64,0.6296296296296297,0.6507177033492823,0.6936741612639719,0.6787989080982711,0.6065040650406504,0.7706611570247934,0.6118575227762051,0.6132542037586548,0.6888888888888889,0.5525846702317291,0.6845050923981577,0.9717203456402199,1.0,0.944996180290298,0.9979427956312523,0.6451612903225806,0.5,0.9090909090909091,0.925731417045791
RF,0.7097293915303949,0.9717203456402199,0.6442316530029387,0.6868038199738947,0.7747599674928692,0.8021390374331551,0.7935207433890975,"{'n_estimators': [100], 'max_depth': [10]}","['mfcc_mean', 'wav_detail_lvl5_std', 'wav_approx_std', 'mfcc_1', 'NDSI', 'wav_detail_lvl4_std']",0.6928406466512702,0.6696428571428571,0.7177033492822966,0.7382917165610122,0.6518254674977738,0.5727699530516432,0.756198347107438,0.6042666599793661,0.6103092783505155,0.7237163814180929,0.5276292335115864,0.6915739348381486,0.9717203456402199,1.0,0.944996180290298,0.997324414492161,0.6219512195121951,0.46788990825688076,0.9272727272727272,0.9361469910747997
RF,0.7096633380527478,0.9639215686274509,0.6460987804090721,0.6952982114054751,0.7759787899500818,0.7952635599694423,0.7945513005305809,"{'n_estimators': [100], 'max_depth': [10]}","['mfcc_mean', 'spec_skew', 'mfcc_var', 'wav_detail_lvl3_std']",0.708433734939759,0.7135922330097088,0.7033492822966507,0.7345498422585042,0.6554054054054054,0.5542857142857143,0.8016528925619835,0.6097884826327127,0.5742145178764897,0.7320441988950276,0.47237076648841353,0.6913945919828258,0.9639215686274509,0.9903303787268332,0.9388846447669977,0.9959007330700869,0.6463414634146342,0.48623853211009177,0.9636363636363636,0.9411228527087749
RF,0.7096382772378867,0.9709347996857817,0.644314146625913,0.686686108582786,0.7628403410080866,0.7971734148204737,0.7854786412500884,"{'n_estimators': [100], 'max_depth': [10]}","['mfcc_mean', 'wav_detail_lvl5_std', 'wav_approx_std', 'NDSI']",0.6463700234192038,0.6330275229357798,0.6602870813397129,0.6936065357102149,0.6446428571428572,0.5676100628930818,0.7458677685950413,0.5993230203819276,0.6062437059415912,0.6967592592592593,0.5365418894830659,0.6898212713220322,0.9709347996857817,0.9991915925626516,0.9442322383498855,0.9967740204854358,0.68,0.5368421052631579,0.9272727272727272,0.9478683583508312
RF,0.7096315978152135,0.9682974559686889,0.6449651332768447,0.6864232263081108,0.7756402308639855,0.7941176470588235,0.8087480569872282,"{'n_estimators': [100], 'max_depth': [10]}","['wav_detail_lvl5_std', 'NDSI', 'spec_kurtosis', 'mfcc_var']",0.7165532879818595,0.6810344827586207,0.7559808612440191,0.7994378999545876,0.6491688538932633,0.5629742033383915,0.7665289256198347,0.6376160237966753,0.5559105431309904,0.6904761904761905,0.46524064171123,0.6559416768208077,0.9682974559686889,0.992776886035313,0.944996180290298,0.9976391218727148,0.6582278481012658,0.5048543689320388,0.9454545454545454,0.9531055624913555
RF,0.7096268955862559,0.963197467352592,0.6462342526446718,0.6890541396197742,0.7699178305510982,0.7994652406417112,0.7769228624433022,"{'n_estimators': [100], 'max_depth': [10]}","['mfcc_mean', 'wav_approx_std', 'NDSI']",0.6415094339622641,0.6325581395348837,0.6507177033492823,0.6540062710533022,0.6872322193658955,0.5871156661786238,0.8285123966942148,0.6380704314325848,0.5981308411214953,0.7164179104477612,0.5133689839572193,0.6639831544276992,0.963197467352592,0.9991789819376026,0.9297173414820473,0.9962352514012958,0.6580645161290323,0.51,0.9272727272727272,0.9323192039016294
RF,0.7095871429124134,0.9681978798586572,0.6449344586758525,0.6882285900055629,0.7675881609712176,0.7891520244461421,0.8053290381576179,"{'n_estimators': [100], 'max_depth': [10]}","['mfcc_mean', 'wav_approx_std', 'spec_skew', 'mfcc_1', 'spec_kurtosis', 'mfcc_var', 'wav_detail_lvl4_std']",0.7033492822966507,0.7033492822966507,0.7033492822966507,0.796780730466146,0.6222611744084137,0.5403348554033486,0.7334710743801653,0.6199572267518076,0.5702564102564103,0.6714975845410628,0.49554367201426025,0.6668170490127887,0.9681978798586572,0.9959612277867528,0.9419404125286478,0.9973351958691654,0.6838709677419355,0.53,0.9636363636363636,0.9457549886881815
RF,0.7094183667337831,0.9674382110631621,0.6449134056514384,0.6876537104229833,0.7720014182271429,0.7952635599694423,0.8054361909010666,"{'n_estimators': [100], 'max_depth': [10]}","['mfcc_mean', 'wav_detail_lvl5_std', 'spec_skew', 'mfcc_var', 'wav_detail_lvl3_std']",0.6873508353221957,0.6857142857142857,0.6889952153110048,0.7663723879840587,0.6425419240953222,0.5608628659476117,0.7520661157024794,0.6247665401935443,0.5913757700205339,0.6973365617433414,0.5133689839572193,0.6879993643243439,0.9674382110631621,0.9943548387096774,0.9419404125286478,0.9964170147566962,0.6583850931677019,0.5,0.9636363636363636,0.9516256472466899
RF,0.709416136159421,0.9743390357698289,0.6431854112568189,0.6870779915042546,0.7764302467398443,0.8002291825821237,0.8197084099326096,"{'n_estimators': [100], 'max_depth': [10]}","['spec_skew', 'mfcc_1', 'NDSI', 'mfcc_var', 'wav_detail_lvl3_std', 'wav_detail_lvl4_std']",0.7058823529411765,0.6695278969957081,0.7464114832535885,0.8222226266353234,0.6470588235294118,0.5689655172413793,0.75,0.6481601019935559,0.5778251599147122,0.7188328912466844,0.483065953654189,0.700483833258756,0.9743390357698289,0.9920823436262867,0.9572192513368984,0.998208224937607,0.6419753086419753,0.48598130841121495,0.9454545454545454,0.9294672628378058
RF,0.7093735451327473,0.9680976762504924,0.644692512353311,0.6817444595882591,0.7772367964149558,0.7914438502673797,0.811090323118456,"{'n_estimators': [100], 'max_depth': [10]}","['wav_detail_lvl5_std', 'wav_approx_std', 'mfcc_1', 'spec_kurtosis', 'mfcc_var', 'wav_detail_lvl4_std']",0.7327188940092166,0.7066666666666667,0.7607655502392344,0.8266172625757124,0.6251129177958447,0.5553772070626003,0.7148760330578512,0.6080239042612319,0.5745967741935484,0.6612529002320185,0.5080213903743316,0.6616658140888528,0.9680976762504924,0.9991869918699187,0.9388846447669977,0.9969196219640934,0.6463414634146342,0.48623853211009177,0.9636363636363636,0.9622250127023895
RF,0.7093370880154448,0.970102281667978,0.6441457896023115,0.6865643147080499,0.7754402535263779,0.7956455309396486,0.8061584452583765,"{'n_estimators': [100], 'max_depth': [10]}","['mfcc_mean', 'wav_approx_std', 'spec_skew', 'mfcc_1', 'spec_kurtosis', 'wav_detail_lvl3_std', 'wav_detail_lvl4_std']",0.6932084309133489,0.6788990825688074,0.7081339712918661,0.7963800432098285,0.6550522648083623,0.5662650602409639,0.7768595041322314,0.6156585220031147,0.569937369519833,0.6876574307304786,0.48663101604278075,0.6880731025598583,0.970102281667978,1.0,0.9419404125286478,0.9970294113151261,0.6583850931677019,0.5,0.9636363636363636,0.9336511472039548
RF,0.7092905811271291,0.9646781789638933,0.645443681667938,0.6826885044892514,0.7799276509211776,0.7925897631779985,0.8089027685507821,"{'n_estimators': [100], 'max_depth': [10]}","['wav_detail_lvl5_std', 'mfcc_1', 'spec_kurtosis', 'wav_detail_lvl4_std']",0.7111111111111111,0.6639004149377593,0.7655502392344498,0.8198108604930402,0.6459627329192547,0.5660964230171073,0.7520661157024794,0.606940076956381,0.5663157894736842,0.6915167095115681,0.47950089126559714,0.6601474845781362,0.9646781789638933,0.9919289749798225,0.9388846447669977,0.9962773023671482,0.6583850931677019,0.5,0.9636363636363636,0.9613381183592046
RF,0.7092729706266245,0.968503937007874,0.6444652290313122,0.6908157842930931,0.7762248840379996,0.7979373567608862,0.8038393901912089,"{'n_estimators': [100], 'max_depth': [10]}","['mfcc_mean', 'wav_approx_std', 'spec_skew', 'mfcc_1', 'mfcc_var', 'wav_detail_lvl3_std']",0.7109004739336493,0.704225352112676,0.7177033492822966,0.8117502269278012,0.6506024096385542,0.5575221238938053,0.78099173553719,0.5871261456057931,0.5898520084566596,0.7246753246753247,0.49732620320855614,0.6907864440251874,0.968503937007874,0.9991876523151909,0.9396485867074102,0.9965675429420742,0.6265060240963856,0.46846846846846846,0.9454545454545454,0.9329665914551886
RF,0.7092102463237582,0.9683222526398123,0.6444322447447447,0.6828361060869501,0.7762289291532184,0.7929717341482048,0.795550735874748,"{'n_estimators': [100], 'max_depth': [10]}","['mfcc_mean', 'wav_detail_lvl5_std', 'mfcc_1', 'wav_detail_lvl3_std', 'wav_detail_lvl4_std']",0.7022222222222222,0.6556016597510373,0.7559808612440191,0.7498565114805986,0.6234234234234234,0.5527156549520766,0.7148760330578512,0.597493036877004,0.5854166666666667,0.7042606516290727,0.5008912655971479,0.6924055952494319,0.9683222526398123,0.9919871794871795,0.9457601222307105,0.9958410389092051,0.6666666666666666,0.5096153846153846,0.9636363636363636,0.9421574968575005
RF,0.7092053818698543,0.9639498432601881,0.6455192665222708,0.6849113997639948,0.7739365063119636,0.7910618792971734,0.8091474823408026,"{'n_estimators': [100], 'max_depth': [10]}","['spec_skew', 'mfcc_var', 'wav_detail_lvl3_std', 'wav_detail_lvl4_std']",0.7180616740088106,0.6653061224489796,0.7799043062200957,0.8045993185280339,0.6491688538932633,0.5629742033383915,0.7665289256198347,0.6308971448702648,0.5481798715203426,0.6863270777479893,0.4563279857397504,0.6798938272630315,0.9639498432601881,0.9895414320193081,0.9396485867074102,0.9955542925006384,0.6666666666666666,0.5204081632653061,0.9272727272727272,0.9347928285420447
RF,0.7091941715419692,0.968885387948011,0.6442713674404588,0.682399812190932,0.7742086621512458,0.7899159663865546,0.7972852787195994,"{'n_estimators': [100], 'max_depth': [10]}","['mfcc_mean', 'wav_approx_std', 'mfcc_1', 'wav_detail_lvl3_std', 'wav_detail_lvl4_std']",0.7,0.6414342629482072,0.7703349282296651,0.7877195468851058,0.6319505736981466,0.551617873651772,0.7396694214876033,0.5830019971255784,0.5609243697478992,0.6828644501278772,0.47593582887700536,0.6871119571257455,0.968885387948011,1.0,0.9396485867074102,0.9970043240661696,0.6842105263157895,0.5360824742268041,0.9454545454545454,0.931588568395398
RF,0.7090943921821894,0.9686274509803922,0.6442111274826386,0.6847078905148608,0.7660186684504163,0.7902979373567609,0.7994662977828474,"{'n_estimators': [100], 'max_depth': [10]}","['mfcc_mean', 'wav_approx_std', 'spec_skew', 'mfcc_1', 'spec_kurtosis', 'wav_detail_lvl4_std']",0.6745283018867925,0.6651162790697674,0.6842105263157895,0.7713617257834882,0.6381461675579323,0.5611285266457681,0.7396694214876033,0.6239731916182774,0.5668016194331984,0.6557377049180327,0.49910873440285203,0.6595316302427205,0.9686274509803922,0.9951651893634166,0.9434682964094728,0.9969594729333227,0.6973684210526315,0.5463917525773195,0.9636363636363636,0.9455054683364283
RF,0.7090915646561189,0.9729517836142689,0.6431265099165813,0.687893192221218,0.7742018999857445,0.7998472116119175,0.7984008600312728,"{'n_estimators': [100], 'max_depth': [10]}","['mfcc_mean', 'wav_detail_lvl5_std', 'wav_approx_std', 'mfcc_1', 'NDSI', 'mfcc_var', 'wav_detail_lvl4_std']",0.6995305164319249,0.6866359447004609,0.7129186602870813,0.7552758838984748,0.6389380530973451,0.5588235294117647,0.7458677685950413,0.6058444857601613,0.6037344398340249,0.7220843672456576,0.5187165775401069,0.6958924862636686,0.9729517836142689,0.999194847020934,0.948051948051948,0.9978586032640969,0.6303030303030303,0.4727272727272727,0.9454545454545454,0.9371328409699623
RF,0.7090816877682087,0.969315499606609,0.6440232348086087,0.6831359879304576,0.7810585164905458,0.7948815889992361,0.8082010303211222,"{'n_estimators': [100], 'max_depth': [10]}","['wav_detail_lvl5_std', 'wav_approx_std', 'spec_skew', 'mfcc_1', 'mfcc_var', 'wav_detail_lvl3_std', 'wav_detail_lvl4_std']",0.7158836689038032,0.6722689075630253,0.7655502392344498,0.8052394031617282,0.6341030195381883,0.5560747663551402,0.737603305785124,0.6041266124700392,0.5836820083682008,0.7063291139240506,0.49732620320855614,0.6901720133986383,0.969315499606609,0.9991889699918897,0.9411764705882353,0.9971375504645846,0.6424242424242425,0.4818181818181818,0.9636363636363636,0.9443295721106212
RF,0.7090810035152175,0.9669291338582677,0.6446189709294549,0.6842661079757819,0.7785010776820516,0.7918258212375859,0.8157768247301258,"{'n_estimators': [100], 'max_depth': [10]}","['wav_detail_lvl5_std', 'mfcc_1', 'spec_kurtosis', 'wav_detail_lvl3_std']",0.7117117117117117,0.6723404255319149,0.7559808612440191,0.8228796715268578,0.6434176111595467,0.5565610859728507,0.762396694214876,0.6346862433674838,0.5608465608465608,0.6901041666666666,0.47237076648841353,0.6685131142177002,0.9669291338582677,0.9975629569455727,0.9381207028265852,0.9962017849734598,0.6625,0.5047619047619047,0.9636363636363636,0.9566033095651272
RF,0.7090328794444126,0.9729305610043154,0.643058459054437,0.6914731084856308,0.7699888637490664,0.7994652406417112,0.799772203032495,"{'n_estimators': [100], 'max_depth': [10]}","['mfcc_mean', 'wav_approx_std', 'mfcc_1', 'NDSI', 'mfcc_var', 'wav_detail_lvl3_std']",0.6968973747016707,0.6952380952380952,0.6985645933014354,0.786189581790129,0.653448275862069,0.5606508875739645,0.7830578512396694,0.5998750345232917,0.5843881856540084,0.7157622739018088,0.49376114081996436,0.6966829644659442,0.9729305610043154,1.0,0.9472880061115355,0.997993325764045,0.6375,0.4857142857142857,0.9272727272727272,0.9181201086190655
RF,0.7088958672321477,0.9696969696969697,0.6436955916159421,0.6888991436207931,0.7735999454153127,0.7941176470588235,0.7896573657760032,"{'n_estimators': [100], 'max_depth': [10]}","['mfcc_mean', 'wav_approx_std', 'mfcc_1', 'mfcc_var', 'wav_detail_lvl3_std']",0.7050691244239631,0.68,0.7320574162679426,0.7839931418504995,0.6362854686156492,0.5449189985272459,0.7644628099173554,0.5723286593772728,0.5793397231096912,0.7195767195767195,0.48484848484848486,0.6923875436941009,0.9696969696969697,1.0,0.9411764705882353,0.9963042370677604,0.6540880503144654,0.5,0.9454545454545454,0.9032732468903822
RF,0.7088909767610609,0.9725705329153606,0.6429710877224861,0.6850925902792004,0.7740692762533461,0.7960275019098548,0.8108621120852859,"{'n_estimators': [100], 'max_depth': [10]}","['wav_detail_lvl5_std', 'wav_approx_std', 'mfcc_1', 'NDSI', 'spec_kurtosis', 'mfcc_var', 'wav_detail_lvl4_std']",0.7061503416856492,0.6739130434782609,0.7416267942583732,0.8105959647060693,0.6347517730496454,0.5559006211180124,0.7396694214876033,0.6142715632046301,0.58098223615465,0.702020202020202,0.49554367201426025,0.6824961385706869,0.9725705329153606,0.998390989541432,0.948051948051948,0.9977172923277025,0.65,0.49523809523809526,0.9454545454545454,0.9492296016173406
RF,0.7088393738486266,0.9707374170893485,0.6433648630384461,0.6966247630173539,0.7705855182438351,0.799083269671505,0.815245503690042,"{'n_estimators': [100], 'max_depth': [10]}","['spec_skew', 'mfcc_1', 'NDSI', 'spec_kurtosis', 'mfcc_var', 'wav_detail_lvl3_std']",0.7081339712918661,0.7081339712918661,0.7081339712918661,0.8281804878832022,0.6576500422654269,0.5565092989985694,0.8037190082644629,0.6299273725700618,0.5701754385964912,0.7407407407407407,0.46345811051693403,0.6824807494847754,0.9707374170893485,0.9920255183413078,0.9503437738731857,0.9979749526151254,0.6375,0.4857142857142857,0.9272727272727272,0.9376639558970459
RF,0.7088132431639746,0.9706227967097533,0.6433608547775299,0.6880384230055785,0.7675017270936212,0.7983193277310925,0.8090148926053816,"{'n_estimators': [100], 'max_depth': [10]}","['mfcc_mean', 'wav_detail_lvl5_std', 'spec_skew', 'NDSI', 'mfcc_var', 'wav_detail_lvl4_std']",0.6888361045130641,0.6839622641509434,0.69377990430622,0.788629333773305,0.6406388642413487,0.5614307931570762,0.7458677685950413,0.6309623843690334,0.6024590163934426,0.708433734939759,0.5240641711229946,0.6916095491768206,0.9706227967097533,0.9959807073954984,0.946524064171123,0.9977214759821804,0.6415094339622641,0.49038461538461536,0.9272727272727272,0.9361517197255687
RF,0.7087836262619918,0.964327714621717,0.6448976041720604,0.6871163723004591,0.7671478769846346,0.7937356760886173,0.8107348933841051,"{'n_estimators': [100], 'max_depth': [10]}","['spec_skew', 'spec_kurtosis', 'mfcc_var', 'wav_detail_lvl3_std', 'wav_detail_lvl4_std']",0.7018348623853211,0.6740088105726872,0.7320574162679426,0.8109634068843619,0.649737302977233,0.5638297872340425,0.7665289256198347,0.6289989715275937,0.5744234800838575,0.6972010178117048,0.48841354723707664,0.6852469387898821,0.964327714621717,0.9903381642512077,0.9396485867074102,0.9953697591806285,0.6535947712418301,0.5102040816326531,0.9090909090909091,0.9330953905380593
RF,0.7087220215378519,0.9729517836142689,0.6426645810187477,0.6896361205755401,0.7749542304960262,0.8021390374331551,0.8086753714033774,"{'n_estimators': [100], 'max_depth': [10]}","['mfcc_mean', 'wav_detail_lvl5_std', 'spec_skew', 'mfcc_1', 'NDSI', 'wav_detail_lvl3_std', 'wav_detail_lvl4_std']",0.6829268292682927,0.6965174129353234,0.6698564593301436,0.7889340871639814,0.6584507042253521,0.5736196319018405,0.7727272727272727,0.6296277663259817,0.6020618556701031,0.7139364303178484,0.5204991087344029,0.6964125829281346,0.9729517836142689,0.999194847020934,0.948051948051948,0.9973338313040502,0.6272189349112426,0.4649122807017544,0.9636363636363636,0.9310685892947391
RF,0.7086309724043786,0.9717425431711146,0.6428530797126947,0.6849857279647174,0.7773260813677363,0.7956455309396486,0.7973031582871302,"{'n_estimators': [100], 'max_depth': [10]}","['mfcc_mean', 'wav_detail_lvl5_std', 'wav_approx_std', 'mfcc_1', 'mfcc_var', 'wav_detail_lvl3_std']",0.7048458149779736,0.6530612244897959,0.7655502392344498,0.7588690885529361,0.6308370044052863,0.5499231950844854,0.7396694214876033,0.5898495301606355,0.5857294994675186,0.7275132275132276,0.49019607843137253,0.6989765749276143,0.9717425431711146,0.9991928974979822,0.9457601222307105,0.9971981412031328,0.65,0.49523809523809526,0.9454545454545454,0.9416224565913325
RF,0.708487276426651,0.9684791174152876,0.6434893161794918,0.692383886765158,0.7719445551165225,0.7956455309396486,0.8052612656881462,"{'n_estimators': [100], 'max_depth': [10]}","['mfcc_mean', 'wav_approx_std', 'spec_kurtosis', 'mfcc_var', 'wav_detail_lvl3_std']",0.7156862745098039,0.7336683417085427,0.6985645933014354,0.8072910656679284,0.6478632478632479,0.5524781341107872,0.7830578512396694,0.5952279834140817,0.5801047120418849,0.7030456852791879,0.49376114081996436,0.6906643940340823,0.9684791174152876,1.0,0.9388846447669977,0.9961785731100969,0.6303030303030303,0.4727272727272727,0.9454545454545454,0.9369443122145408
RF,0.708453542135708,0.9745397571484528,0.6419319883825217,0.6849608969282199,0.7743087909369926,0.8013750954927426,0.8052662483004337,"{'n_estimators': [100], 'max_depth': [10]}","['wav_approx_std', 'spec_skew', 'mfcc_1', 'NDSI', 'wav_detail_lvl3_std', 'wav_detail_lvl4_std']",0.7018348623853211,0.6740088105726872,0.7320574162679426,0.7870213978791107,0.6505808757819481,0.573228346456693,0.7520661157024794,0.6387266785831477,0.5933609958506224,0.7096774193548387,0.5098039215686274,0.6759215167709455,0.9745397571484528,1.0,0.9503437738731857,0.9979402013556464,0.6219512195121951,0.46788990825688076,0.9272727272727272,0.9267214469133188
RF,0.7084496304787649,0.9672841939298384,0.6437409896159967,0.6815943295769742,0.7745337578267497,0.7868601986249045,0.7910219520634,"{'n_estimators': [100], 'max_depth': [10]}","['wav_detail_lvl5_std', 'wav_approx_std', 'spec_skew', 'mfcc_1']",0.7142857142857143,0.6694560669456067,0.7655502392344498,0.7680984020837462,0.6256590509666081,0.5443425076452599,0.7355371900826446,0.598869549702142,0.5511482254697286,0.6649874055415617,0.47058823529411764,0.6492479896728938,0.9672841939298384,0.999185667752443,0.9373567608861727,0.9961707674504995,0.6838709677419355,0.53,0.9636363636363636,0.9427230514077187
RF,0.7083659344927818,0.9717203456402199,0.6425273317059224,0.6855224128742193,0.7706341327309524,0.7987012987012987,0.8111829201846497,"{'n_estimators': [100], 'max_depth': [10]}","['wav_approx_std', 'spec_skew', 'mfcc_1', 'NDSI', 'spec_kurtosis', 'wav_detail_lvl3_std', 'wav_detail_lvl4_std']",0.6915887850467289,0.6757990867579908,0.7081339712918661,0.7998919482644364,0.6560565870910698,0.5734157650695518,0.7665289256198347,0.6459027774668288,0.5849639546858908,0.6926829268292682,0.5062388591800356,0.6760081957438873,0.9717203456402199,1.0,0.944996180290298,0.9978325931366125,0.6375,0.4857142857142857,0.9272727272727272,0.9362790863114839
RF,0.7083041002886071,0.9628751974723538,0.6446613259926705,0.689441216736426,0.7612876381522596,0.7895339954163484,0.7777018456689457,"{'n_estimators': [100], 'max_depth': [10]}","['mfcc_mean', 'spec_skew', 'NDSI']",0.6682027649769585,0.6444444444444445,0.69377990430622,0.6754917123980682,0.6496598639455783,0.5520231213872833,0.7892561983471075,0.6438542098305027,0.571127502634352,0.6984536082474226,0.483065953654189,0.6510020111579313,0.9628751974723538,0.9967293540474244,0.9312452253628725,0.994320995577284,0.6896551724137931,0.5555555555555556,0.9090909090909091,0.923840299380942
RF,0.7082746853937856,0.9689343295320487,0.6431097743592198,0.6859566215953352,0.7677965696935581,0.7910618792971734,0.7937789457966716,"{'n_estimators': [100], 'max_depth': [10]}","['mfcc_mean', 'wav_approx_std', 'spec_skew', 'mfcc_1', 'mfcc_var', 'wav_detail_lvl4_std']",0.6793349168646081,0.6745283018867925,0.6842105263157895,0.7787501213426063,0.6398601398601399,0.5545454545454546,0.756198347107438,0.5873331736063294,0.5693730729701952,0.6723300970873787,0.49376114081996436,0.6621147210763954,0.9689343295320487,0.9983792544570502,0.9411764705882353,0.9971112619304197,0.6838709677419355,0.53,0.9636363636363636,0.9435854510276074
RF,0.7082577660582023,0.9670588235294117,0.6435575016904,0.6843012910325282,0.7735199812852501,0.7944996180290298,0.8095753650922282,"{'n_estimators': [100], 'max_depth': [10]}","['mfcc_mean', 'wav_detail_lvl5_std', 'spec_skew', 'mfcc_1', 'wav_detail_lvl3_std', 'wav_detail_lvl4_std']",0.6851851851851852,0.6636771300448431,0.7081339712918661,0.7879332598427968,0.6412078152753108,0.5623052959501558,0.7458677685950413,0.6195622670457308,0.5894519131334023,0.7019704433497537,0.5080213903743316,0.695827060025933,0.9670588235294117,0.9935535858178888,0.9419404125286478,0.9964432928613817,0.6583850931677019,0.5,0.9636363636363636,0.9481109456852985
RF,0.7082267172702374,0.9666797334378675,0.6436134632283299,0.6803785198685823,0.7732351174484583,0.7895339954163484,0.8100491847922751,"{'n_estimators': [100], 'max_depth': [10]}","['wav_detail_lvl5_std', 'spec_skew', 'mfcc_1', 'spec_kurtosis', 'wav_detail_lvl4_std']",0.7058823529411765,0.6695278969957081,0.7464114832535885,0.8206667102968939,0.6354635463546354,0.5629984051036683,0.7293388429752066,0.6174118980038401,0.5579487179487179,0.6570048309178744,0.48484848484848486,0.6470734528934006,0.9666797334378675,0.9927536231884058,0.9419404125286478,0.9963414394850094,0.6751592356687898,0.5196078431372549,0.9636363636363636,0.9687524232822311
RF,0.7081448264229923,0.9710031347962382,0.6424302493296807,0.6891822784617977,0.7707145476720483,0.7979373567608862,0.8121784996005648,"{'n_estimators': [100], 'max_depth': [10]}","['wav_approx_std', 'mfcc_1', 'NDSI', 'spec_kurtosis', 'mfcc_var', 'wav_detail_lvl3_std']",0.7142857142857143,0.7109004739336493,0.7177033492822966,0.8240222880515441,0.6474694589877836,0.5604229607250756,0.7665289256198347,0.6262373758626415,0.5821989528795811,0.7055837563451777,0.49554367201426025,0.6838457920947009,0.9710031347962382,0.996781979082864,0.946524064171123,0.9979581616893716,0.6257668711656442,0.4722222222222222,0.9272727272727272,0.9288288803045653
RF,0.7080479633317525,0.9685534591194969,0.6429215893848162,0.6845129882094549,0.7678045015309298,0.80061115355233,0.7977607335083535,"{'n_estimators': [100], 'max_depth': [10]}","['mfcc_mean', 'wav_detail_lvl5_std', 'spec_skew', 'NDSI', 'wav_detail_lvl4_std']",0.6698795180722892,0.6747572815533981,0.6650717703349283,0.7409746142857802,0.6654578422484134,0.592891760904685,0.7582644628099173,0.637889895569791,0.6067193675889329,0.6807095343680709,0.5472370766488414,0.6748517433840436,0.9685534591194969,0.9975708502024292,0.9411764705882353,0.9968260516281371,0.6296296296296297,0.4766355140186916,0.9272727272727272,0.9382613626740162
RF,0.7080045714837936,0.9687255668491008,0.6428243226424668,0.6878657863950776,0.7724161400097229,0.7952635599694423,0.8106424709781409,"{'n_estimators': [100], 'max_depth': [10]}","['wav_detail_lvl5_std', 'spec_skew', 'NDSI', 'spec_kurtosis', 'mfcc_var']",0.7169811320754716,0.7069767441860465,0.7272727272727273,0.8043474843329589,0.6415425065731815,0.5570776255707762,0.756198347107438,0.645019346094129,0.5747368421052632,0.7017994858611826,0.48663101604278075,0.6510764812615933,0.9687255668491008,0.9919935948759008,0.946524064171123,0.9975648444476309,0.6380368098159509,0.48148148148148145,0.9454545454545454,0.9552041987543924
RF,0.7077835069448446,0.9689098780007871,0.642501914180859,0.6850680779754589,0.7799568074293658,0.7983193277310925,0.810788866753904,"{'n_estimators': [100], 'max_depth': [10]}","['wav_detail_lvl5_std', 'wav_approx_std', 'spec_skew', 'mfcc_1', 'mfcc_var', 'wav_detail_lvl3_std']",0.7120181405895691,0.6767241379310345,0.7511961722488039,0.8090448948405473,0.6455584872471416,0.5620214395099541,0.7582644628099173,0.614323846734083,0.5970464135021097,0.7312661498708011,0.5044563279857398,0.6930784117686928,0.9689098780007871,0.9991883116883117,0.9404125286478228,0.9967975969215578,0.6153846153846154,0.45614035087719296,0.9454545454545454,0.9406995835046388
RF,0.707731789363631,0.9676910953506698,0.6427419628668714,0.681090660232636,0.7777855065471165,0.793353705118411,0.7996499967559794,"{'n_estimators': [100], 'max_depth': [10]}","['wav_detail_lvl5_std', 'wav_approx_std', 'spec_skew', 'mfcc_var', 'wav_detail_lvl4_std']",0.695067264573991,0.6540084388185654,0.7416267942583732,0.7747171226249168,0.6436170212765957,0.5636645962732919,0.75,0.602022054931857,0.577962577962578,0.6932668329177057,0.49554367201426025,0.6698833662905939,0.9676910953506698,0.9991863303498779,0.9381207028265852,0.9964286051508467,0.654320987654321,0.4953271028037383,0.9636363636363636,0.9551988347816825
RF,0.7076035494778481,0.9717425431711146,0.6415688010545314,0.6843540101972516,0.7721857390194007,0.7925897631779985,0.8127576084781557,"{'n_estimators': [100], 'max_depth': [10]}","['wav_detail_lvl5_std', 'wav_approx_std', 'mfcc_1', 'NDSI', 'spec_kurtosis', 'mfcc_var']",0.7107061503416856,0.6782608695652174,0.7464114832535885,0.8109948640058279,0.6310254163014899,0.547945205479452,0.743801652892562,0.6280713795123087,0.5663157894736842,0.6915167095115681,0.47950089126559714,0.6719755301240204,0.9717425431711146,0.9991928974979822,0.9457601222307105,0.9978252219527143,0.6582278481012658,0.5048543689320388,0.9454545454545454,0.9549210467959073
RF,0.7075965959619233,0.9721459395841506,0.6414592600563664,0.684182223474662,0.7784575561412037,0.7979373567608862,0.8095547206774965,"{'n_estimators': [100], 'max_depth': [10]}","['wav_detail_lvl5_std', 'wav_approx_std', 'mfcc_1', 'NDSI', 'mfcc_var', 'wav_detail_lvl3_std']",0.7022222222222222,0.6556016597510373,0.7559808612440191,0.7873426554866977,0.6437389770723104,0.5615384615384615,0.7541322314049587,0.63005882679592,0.5857294994675186,0.7275132275132276,0.49019607843137253,0.6976430140400365,0.9721459395841506,0.9991935483870967,0.946524064171123,0.997712689568211,0.6341463414634146,0.47706422018348627,0.9454545454545454,0.9350164174966171
RF,0.7075775407689094,0.970102281667978,0.6419463555441423,0.6836312401169458,0.7766632063873831,0.7960275019098548,0.8005143788875589,"{'n_estimators': [100], 'max_depth': [10]}","['mfcc_mean', 'wav_approx_std', 'spec_skew', 'mfcc_1', 'wav_detail_lvl3_std', 'wav_detail_lvl4_std']",0.6904231625835189,0.6458333333333334,0.7416267942583732,0.7907521915615185,0.6550218340611353,0.56732223903177,0.7747933884297521,0.6020849522238803,0.5723404255319149,0.7097625329815304,0.47950089126559714,0.6814887508830074,0.970102281667978,1.0,0.9419404125286478,0.9971487225231104,0.65,0.49523809523809526,0.9454545454545454,0.9310972772462779
RF,0.7075004154025186,0.9705304518664047,0.6417429062865471,0.682192842916181,0.769401895599475,0.7941176470588235,0.8000658847717419,"{'n_estimators': [100], 'max_depth': [10]}","['wav_detail_lvl5_std', 'wav_approx_std', 'spec_skew', 'mfcc_1', 'NDSI', 'wav_detail_lvl4_std']",0.7,0.6666666666666666,0.7368421052631579,0.7504661102864277,0.6332737030411449,0.5583596214511041,0.731404958677686,0.6314515966045386,0.5840163934426229,0.6867469879518072,0.5080213903743316,0.6712555508843797,0.9705304518664047,0.9991909385113269,0.9434682964094728,0.9973261885222658,0.6496815286624203,0.5,0.9272727272727272,0.9498299775610973
RF,0.7074815739460077,0.9733333333333334,0.6410186340991764,0.6865550376401611,0.774791158742749,0.8002291825821237,0.8081205721943988,"{'n_estimators': [100], 'max_depth': [10]}","['wav_approx_std', 'spec_skew', 'mfcc_1', 'NDSI', 'mfcc_var', 'wav_detail_lvl3_std', 'wav_detail_lvl4_std']",0.7113163972286374,0.6875,0.7368421052631579,0.7994501418148852,0.6496927129060579,0.5648854961832062,0.7644628099173554,0.6279337744518554,0.5886075949367089,0.7209302325581395,0.49732620320855614,0.6856931182894888,0.9733333333333334,1.0,0.948051948051948,0.9980969906119892,0.6144578313253012,0.4594594594594595,0.9272727272727272,0.9294288358037751
RF,0.707404698495157,0.9727414330218068,0.6410705148634944,0.6894898942916731,0.7669494226572751,0.8040488922841864,0.805195780323476,"{'n_estimators': [100], 'max_depth': [10]}","['mfcc_mean', 'NDSI', 'spec_kurtosis', 'mfcc_var', 'wav_detail_lvl4_std']",0.6748166259168704,0.69,0.6602870813397129,0.7977155940397322,0.6565295169946332,0.5788643533123028,0.7582644628099173,0.6181509197784588,0.6147540983606558,0.7228915662650602,0.5347593582887701,0.6863663846125131,0.9727414330218068,0.9920571882446386,0.9541634835752483,0.9978447486267027,0.6181818181818182,0.4636363636363636,0.9272727272727272,0.9259012545599734
RF,0.7073129711150729,0.9705072748721982,0.6415143951757915,0.6826492960122096,0.7751968764887425,0.7952635599694423,0.8006075790387659,"{'n_estimators': [100], 'max_depth': [10]}","['mfcc_mean', 'wav_approx_std', 'spec_skew', 'mfcc_var', 'wav_detail_lvl3_std', 'wav_detail_lvl4_std']",0.680365296803653,0.6506550218340611,0.7129186602870813,0.7820487789574428,0.6525945470536499,0.5681470137825421,0.7665289256198347,0.6045663082180172,0.5747126436781609,0.6944444444444444,0.49019607843137253,0.6891604656037298,0.9705072748721982,1.0,0.9427043544690603,0.9965835630269382,0.6583850931677019,0.5,0.9636363636363636,0.9306787793877017
RF,0.7072172115280481,0.968503937007874,0.6418955301580915,0.6824052831298563,0.7723497976833187,0.7906799083269671,0.7976812431638073,"{'n_estimators': [100], 'max_depth': [10]}","['wav_detail_lvl5_std', 'wav_approx_std', 'spec_skew', 'mfcc_1', 'mfcc_var']",0.708803611738149,0.6709401709401709,0.7511961722488039,0.7891800673945583,0.6255506607929515,0.5453149001536098,0.7334710743801653,0.5906545677155006,0.575,0.6917293233082706,0.4919786096256685,0.6651700368587962,0.968503937007874,0.9991876523151909,0.9396485867074102,0.9964195222792821,0.6582278481012658,0.5048543689320388,0.9454545454545454,0.946982021570899
RF,0.7071118371614736,0.9713163064833006,0.6410607198310169,0.6894499006152793,0.7577034102027066,0.7910618792971734,0.8019290967076211,"{'n_estimators': [100], 'max_depth': [10]}","['mfcc_mean', 'wav_approx_std', 'spec_skew', 'NDSI', 'mfcc_var']",0.6748166259168704,0.69,0.6602870813397129,0.7703304845316645,0.6407599309153713,0.5504451038575667,0.7665289256198347,0.6341474266242026,0.5641025641025641,0.6642512077294686,0.49019607843137253,0.667236806094562,0.9713163064833006,1.0,0.9442322383498855,0.9979408632272277,0.6845637583892618,0.5425531914893617,0.9272727272727272,0.9399899030604485
RF,0.7070709771987509,0.9713388299960738,0.6410040139994202,0.6800412770554,0.774241071809324,0.7922077922077922,0.791817709718308,"{'n_estimators': [100], 'max_depth': [10]}","['mfcc_mean', 'wav_detail_lvl5_std', 'wav_approx_std', 'mfcc_1', 'wav_detail_lvl3_std']",0.6939655172413793,0.6313725490196078,0.7703349282296651,0.7418055956335028,0.6211849192100538,0.5492063492063493,0.7148760330578512,0.5972513287948302,0.5821989528795811,0.7055837563451777,0.49554367201426025,0.6852494412653616,0.9713388299960738,0.9991922455573505,0.944996180290298,0.9969634916629513,0.6666666666666666,0.5148514851485149,0.9454545454545454,0.9378186912348941
RF,0.7069292736520354,0.968885387948011,0.6414402450780415,0.6819316753360465,0.7717928632958185,0.7937356760886173,0.8039812391199087,"{'n_estimators': [100], 'max_depth': [10]}","['wav_approx_std', 'spec_kurtosis', 'mfcc_var', 'wav_detail_lvl3_std', 'wav_detail_lvl4_std']",0.6944444444444444,0.672645739910314,0.7177033492822966,0.8121276541139458,0.6519434628975265,0.5694444444444444,0.762396694214876,0.60026996594284,0.5693730729701952,0.6723300970873787,0.49376114081996436,0.6842044413978785,0.968885387948011,1.0,0.9396485867074102,0.9970218326428605,0.65,0.49523809523809526,0.9454545454545454,0.9262823015020182
RF,0.7068784881290439,0.970125786163522,0.6410666636204243,0.6873901417241497,0.765690867908712,0.7960275019098548,0.8069152299416574,"{'n_estimators': [100], 'max_depth': [10]}","['mfcc_mean', 'wav_detail_lvl5_std', 'wav_approx_std', 'spec_skew', 'mfcc_1', 'NDSI']",0.6825775656324582,0.680952380952381,0.6842105263157895,0.7771863939144501,0.6445993031358885,0.5572289156626506,0.7644628099173554,0.6222557493091336,0.5915201654601862,0.7044334975369458,0.5098039215686274,0.6858310489346809,0.970125786163522,0.9991902834008097,0.9427043544690603,0.9973978735558724,0.6455696202531646,0.49514563106796117,0.9272727272727272,0.9519050839941499
RF,0.7068160031364001,0.9689098780007871,0.6412925344203033,0.6859235741377403,0.7748527980135073,0.793353705118411,0.812195719837144,"{'n_estimators': [100], 'max_depth': [10]}","['wav_approx_std', 'spec_skew', 'mfcc_1', 'spec_kurtosis', 'mfcc_var', 'wav_detail_lvl3_std', 'wav_detail_lvl4_std']",0.7109004739336493,0.704225352112676,0.7177033492822966,0.8284203828637288,0.648228176318064,0.5572065378900446,0.7747933884297521,0.6129222130911822,0.5636172450052577,0.6871794871794872,0.47771836007130125,0.6836237595857264,0.9689098780007871,0.9991883116883117,0.9404125286478228,0.9971525006565486,0.6424242424242425,0.4818181818181818,0.9636363636363636,0.9388597429885337
RF,0.706778332496951,0.9659224441833137,0.6419923045753604,0.6792065959788278,0.7735907708015786,0.7906799083269671,0.8143178941964795,"{'n_estimators': [100], 'max_depth': [10]}","['wav_detail_lvl5_std', 'spec_skew', 'spec_kurtosis', 'mfcc_var', 'wav_detail_lvl4_std']",0.7110091743119266,0.6828193832599119,0.7416267942583732,0.824153192397931,0.6370235934664247,0.5679611650485437,0.7252066115702479,0.6190242771427841,0.5656154628687691,0.6587677725118484,0.49554367201426025,0.6616228641559385,0.9659224441833137,0.9911575562700965,0.9419404125286478,0.9963096991309387,0.654320987654321,0.4953271028037383,0.9636363636363636,0.9704794381548058
RF,0.7067243436258435,0.968885387948011,0.6411840825453015,0.6902246803975073,0.7700376244451673,0.7944996180290298,0.8048879583154516,"{'n_estimators': [100], 'max_depth': [10]}","['mfcc_mean', 'wav_approx_std', 'spec_skew', 'mfcc_1', 'spec_kurtosis', 'wav_detail_lvl3_std']",0.6973365617433414,0.7058823529411765,0.6889952153110048,0.8069069933462844,0.6582064297800339,0.5573065902578797,0.8037190082644629,0.6203192634232807,0.563230605738576,0.6973684210526315,0.47237076648841353,0.6744258857016908,0.968885387948011,1.0,0.9396485867074102,0.9960647102434801,0.6459627329192547,0.49056603773584906,0.9454545454545454,0.9267229388625219
RF,0.7067067883714483,0.973015252248729,0.6401296724021281,0.6864167896048046,0.7728615291266572,0.7987012987012987,0.790371785499986,"{'n_estimators': [100], 'max_depth': [10]}","['mfcc_mean', 'wav_detail_lvl5_std', 'mfcc_1', 'NDSI', 'mfcc_var', 'wav_detail_lvl4_std']",0.680365296803653,0.6506550218340611,0.7129186602870813,0.7434029516265764,0.6432953549517967,0.558599695585997,0.7582644628099173,0.5863882006358934,0.5948827292110874,0.7400530503978779,0.49732620320855614,0.7040495153373824,0.973015252248729,0.9967948717948718,0.9503437738731857,0.99778715059138,0.6419753086419753,0.48598130841121495,0.9454545454545454,0.9202311093086977
RF,0.7066867229279974,0.9705535924617197,0.6407200055445668,0.6810489591699413,0.7804047552035168,0.7994652406417112,0.8114019515844797,"{'n_estimators': [100], 'max_depth': [10]}","['wav_detail_lvl5_std', 'mfcc_1', 'NDSI', 'wav_detail_lvl3_std']",0.6796536796536796,0.6205533596837944,0.7511961722488039,0.7551323156230969,0.6654804270462633,0.584375,0.7727272727272727,0.6636662310867787,0.5835995740149095,0.7248677248677249,0.48841354723707664,0.7043343762400576,0.9705535924617197,0.9983844911147012,0.9442322383498855,0.9978942450306983,0.6341463414634146,0.47706422018348627,0.9454545454545454,0.9359825899417663
RF,0.706615923038038,0.9695074276778733,0.640893046878079,0.6898928339079564,0.7651807203960315,0.7975553857906799,0.8098412499263767,"{'n_estimators': [100], 'max_depth': [10]}","['mfcc_mean', 'wav_approx_std', 'spec_skew', 'mfcc_1', 'NDSI', 'spec_kurtosis', 'mfcc_var', 'wav_detail_lvl4_std']",0.6893203883495146,0.6995073891625616,0.6794258373205742,0.8068647114781051,0.6427947598253275,0.556732223903177,0.7603305785123967,0.6253913798151928,0.5979166666666667,0.7192982456140351,0.5115864527629234,0.6836000146433205,0.9695074276778733,0.9927942353883107,0.9472880061115355,0.9977529681227273,0.6335403726708074,0.4811320754716981,0.9272727272727272,0.935597175572538
RF,0.7066129206138201,0.973015252248729,0.6400123377050928,0.6852871242340717,0.7713821135239655,0.7994652406417112,0.7908928326637601,"{'n_estimators': [100], 'max_depth': [10]}","['mfcc_mean', 'wav_detail_lvl5_std', 'mfcc_1', 'NDSI', 'wav_detail_lvl4_std']",0.6848072562358276,0.6508620689655172,0.722488038277512,0.7412293580491495,0.6448763250883393,0.5632716049382716,0.7541322314049587,0.5968722286403121,0.5968253968253968,0.734375,0.5026737967914439,0.7000148682190934,0.973015252248729,0.9967948717948718,0.9503437738731857,0.9975171848678117,0.6335403726708074,0.4811320754716981,0.9272727272727272,0.9188305235424338
RF,0.7066102328797633,0.9638648860958366,0.642296569575745,0.6926389162413806,0.7696133747104758,0.7925897631779985,0.7964288274137068,"{'n_estimators': [100], 'max_depth': [10]}","['mfcc_mean', 'mfcc_1', 'spec_kurtosis', 'wav_detail_lvl3_std']",0.7104622871046229,0.7227722772277227,0.6985645933014354,0.7630924034757675,0.6446700507614214,0.5458452722063037,0.7871900826446281,0.5974833667367938,0.576017130620985,0.7211796246648794,0.47950089126559714,0.6738611234699913,0.9638648860958366,0.9919159256265158,0.9373567608861727,0.9962137825092073,0.6380368098159509,0.48148148148148145,0.9454545454545454,0.9514934608767744
RF,0.7066041530511127,0.9636937647987371,0.6423317501142066,0.6830709726146684,0.7696459062093737,0.7853323147440795,0.7914397462186303,"{'n_estimators': [100], 'max_depth': [10]}","['mfcc_mean', 'mfcc_1', 'wav_detail_lvl3_std', 'wav_detail_lvl4_std']",0.7072072072072072,0.6680851063829787,0.7511961722488039,0.7682807356813529,0.6269430051813472,0.5385756676557863,0.75,0.5688122754500501,0.5554382259767687,0.6813471502590673,0.46880570409982175,0.6872692632883368,0.9636937647987371,0.996734693877551,0.9327731092436975,0.9950100885797623,0.6797385620915033,0.5306122448979592,0.9454545454545454,0.9378263680936495
RF,0.706527676030752,0.9684791174152876,0.641039815684618,0.6890622292566236,0.7708579786851669,0.7948815889992361,0.7971441448926704,"{'n_estimators': [100], 'max_depth': [10]}","['mfcc_mean', 'wav_approx_std', 'mfcc_1', 'spec_kurtosis', 'wav_detail_lvl3_std']",0.7038834951456311,0.7142857142857143,0.69377990430622,0.8031123272237838,0.6547008547008547,0.5583090379008746,0.7913223140495868,0.5997020165613075,0.5714285714285714,0.6956521739130435,0.48484848484848486,0.6817751395836003,0.9684791174152876,1.0,0.9388846447669977,0.9964311028758951,0.6341463414634146,0.47706422018348627,0.9454545454545454,0.904700138218765
RF,0.7063377498848473,0.9627304825421734,0.6422395667205159,0.6911454547672811,0.7717703227441477,0.7937356760886173,0.7998598886783588,"{'n_estimators': [100], 'max_depth': [10]}","['mfcc_mean', 'spec_skew', 'mfcc_1', 'spec_kurtosis', 'wav_detail_lvl3_std']",0.7184466019417476,0.729064039408867,0.7081339712918661,0.7633801320054866,0.6484174508126604,0.5532846715328467,0.7830578512396694,0.6147867372699939,0.5793397231096912,0.7195767195767195,0.48484848484848486,0.6832130098479013,0.9627304825421734,0.989516129032258,0.9373567608861727,0.9957189469829825,0.6227544910179641,0.4642857142857143,0.9454545454545454,0.9422006172854299
RF,0.7062125986357894,0.9642154935116005,0.6417118749168366,0.6915116951995157,0.7755595722412496,0.7941176470588235,0.8002825080207897,"{'n_estimators': [100], 'max_depth': [10]}","['wav_approx_std', 'spec_kurtosis', 'mfcc_var', 'wav_detail_lvl3_std']",0.7285714285714285,0.7251184834123223,0.7320574162679426,0.8106432032497567,0.6480541455160744,0.5487106017191977,0.7913223140495868,0.5976555871125584,0.5748373101952278,0.7340720221606648,0.47237076648841353,0.6902298937619505,0.9642154935116005,0.993517017828201,0.9365928189457601,0.9954121274395028,0.6153846153846154,0.45614035087719296,0.9454545454545454,0.9074717285401802
RF,0.706117845208005,0.968503937007874,0.6405213222580378,0.6828176024220849,0.7754312738579555,0.7914438502673797,0.8134803900032157,"{'n_estimators': [100], 'max_depth': [10]}","['wav_approx_std', 'mfcc_1', 'spec_kurtosis', 'mfcc_var', 'wav_detail_lvl3_std', 'wav_detail_lvl4_std']",0.7272727272727273,0.6926406926406926,0.7655502392344498,0.8356472822899008,0.6353350739773717,0.5488721804511278,0.7541322314049587,0.6115356463725512,0.5614406779661016,0.6919060052219321,0.47237076648841353,0.6887890771165891,0.968503937007874,0.9991876523151909,0.9396485867074102,0.9973368329441116,0.6380368098159509,0.48148148148148145,0.9454545454545454,0.934093111292926
RF,0.7060803122250708,0.9681728880157171,0.6405571682774093,0.680983072096617,0.7683743997816613,0.7902979373567609,0.7948128992742168,"{'n_estimators': [100], 'max_depth': [10]}","['mfcc_mean', 'wav_detail_lvl5_std', 'spec_skew', 'mfcc_var', 'wav_detail_lvl4_std']",0.6838407494145199,0.6697247706422018,0.6985645933014354,0.7324141524675586,0.6363636363636364,0.5595611285266457,0.737603305785124,0.6133719751768405,0.5711382113821138,0.6643026004728132,0.5008912655971479,0.6753594253781484,0.9681728880157171,0.9967637540453075,0.9411764705882353,0.996265341047736,0.6708860759493671,0.5145631067961165,0.9636363636363636,0.9566536023008008
RF,0.7060659692661295,0.9596236769894159,0.6426765423353079,0.6890067863401083,0.7756338707731896,0.7868601986249045,0.7996556308401214,"{'n_estimators': [100], 'max_depth': [10]}","['spec_skew', 'mfcc_1', 'mfcc_var', 'wav_detail_lvl3_std']",0.7379912663755459,0.678714859437751,0.8086124401913876,0.830578152869315,0.6459731543624161,0.5437853107344632,0.7954545454545454,0.5603080359189521,0.5244040862656073,0.721875,0.4117647058823529,0.6672254939238678,0.9596236769894159,0.9855072463768116,0.935064935064935,0.9949148703406814,0.6623376623376623,0.5151515151515151,0.9272727272727272,0.9452516011477905
RF,0.7060649190913452,0.964299725382503,0.6415062175185557,0.686511549422681,0.7699360092014187,0.7929717341482048,0.8014649553222444,"{'n_estimators': [100], 'max_depth': [10]}","['mfcc_mean', 'mfcc_1', 'spec_kurtosis', 'wav_detail_lvl3_std', 'wav_detail_lvl4_std']",0.6901408450704225,0.6774193548387096,0.7033492822966507,0.7728475267204534,0.6511226252158895,0.5593471810089021,0.7789256198347108,0.6120338838356764,0.574761399787911,0.7094240837696335,0.483065953654189,0.6898391015275246,0.964299725382503,0.9911290322580645,0.9388846447669977,0.9967604335119844,0.65,0.49523809523809526,0.9454545454545454,0.9358438310155841
RF,0.7060364524949337,0.9692913385826771,0.6402227309729979,0.6913828471647451,0.7720766549333957,0.7941176470588235,0.8052038064183978,"{'n_estimators': [100], 'max_depth': [10]}","['mfcc_mean', 'wav_approx_std', 'spec_skew', 'mfcc_1', 'spec_kurtosis', 'mfcc_var', 'wav_detail_lvl3_std']",0.7146401985111662,0.7422680412371134,0.6889952153110048,0.806645814713627,0.6427962489343564,0.5471698113207547,0.7789256198347108,0.6082012261825913,0.576235541535226,0.7025641025641025,0.48841354723707664,0.6740638639095702,0.9692913385826771,1.0,0.9404125286478228,0.996764501814092,0.6272189349112426,0.4649122807017544,0.9636363636363636,0.9403436254721084
RF,0.7058341808268522,0.9705072748721982,0.6396659073155156,0.6835752767598089,0.7702393928428265,0.7983193277310925,0.7889693965782595,"{'n_estimators': [100], 'max_depth': [10]}","['mfcc_mean', 'spec_skew', 'NDSI', 'wav_detail_lvl3_std']",0.6318181818181818,0.6017316017316018,0.6650717703349283,0.7231963830369416,0.6856649395509499,0.5890207715133531,0.8202479338842975,0.6418450840287504,0.5702127659574469,0.7071240105540897,0.47771836007130125,0.6781142594708215,0.9705072748721982,1.0,0.9427043544690603,0.9964221238086397,0.6709677419354839,0.52,0.9454545454545454,0.9052691325461437
RF,0.7057840516650196,0.9682726204465335,0.6401619094696411,0.6857190554124644,0.7703615991851286,0.7925897631779985,0.8114856866112099,"{'n_estimators': [100], 'max_depth': [10]}","['wav_detail_lvl5_std', 'wav_approx_std', 'spec_skew', 'mfcc_1', 'NDSI', 'spec_kurtosis', 'mfcc_var']",0.7053364269141531,0.6846846846846847,0.7272727272727273,0.8167506669520054,0.6318537859007833,0.5458646616541354,0.75,0.6242455508894145,0.5774946921443737,0.7139107611548556,0.48484848484848486,0.6692790462488096,0.9682726204465335,0.9935691318327974,0.9442322383498855,0.9977753967462738,0.6459627329192547,0.49056603773584906,0.9454545454545454,0.9493777722195459
RF,0.7057390650062108,0.967032967032967,0.6404155894995217,0.6842607586764643,0.7760345930455698,0.7952635599694423,0.7970002666110821,"{'n_estimators': [100], 'max_depth': [10]}","['mfcc_mean', 'wav_detail_lvl5_std', 'spec_skew', 'mfcc_1', 'mfcc_var', 'wav_detail_lvl4_std']",0.6976744186046512,0.6787330316742082,0.7177033492822966,0.7454375292337361,0.6450482033304119,0.5601217656012176,0.7603305785123967,0.5983594105435854,0.5879873551106428,0.7190721649484536,0.49732620320855614,0.6818738535045662,0.967032967032967,0.9943502824858758,0.9411764705882353,0.9969842091988736,0.6309523809523809,0.4690265486725664,0.9636363636363636,0.9623463305746496
RF,0.7056984787347448,0.9693396226415094,0.6397881927580535,0.684902944557434,0.7592835272429981,0.7902979373567609,0.7966269417111261,"{'n_estimators': [100], 'max_depth': [10]}","['mfcc_mean', 'wav_approx_std', 'spec_kurtosis', 'mfcc_var', 'wav_detail_lvl4_std']",0.6683046683046683,0.6868686868686869,0.6507177033492823,0.7885505087016292,0.6431095406360424,0.5617283950617284,0.7520661157024794,0.5951956102138645,0.568,0.6469248291571754,0.5062388591800356,0.6598003755192632,0.9693396226415094,0.9983805668016195,0.9419404125286478,0.9969408597949082,0.6797385620915033,0.5306122448979592,0.9454545454545454,0.9426473543259652
RF,0.7055708354327798,0.9643556600078339,0.6408746292890162,0.687689571924135,0.770057277369408,0.7906799083269671,0.8136166281012986,"{'n_estimators': [100], 'max_depth': [10]}","['spec_skew', 'mfcc_1', 'spec_kurtosis', 'mfcc_var', 'wav_detail_lvl3_std', 'wav_detail_lvl4_std']",0.708803611738149,0.6709401709401709,0.7511961722488039,0.8337212030295966,0.6416382252559727,0.5465116279069767,0.7768595041322314,0.6156616987272119,0.5592105263157895,0.7264957264957265,0.45454545454545453,0.6852281081977567,0.9643556600078339,0.9895498392282959,0.9404125286478228,0.9959832659252673,0.6538461538461539,0.504950495049505,0.9272727272727272,0.9374888646266606
RF,0.7055266656260815,0.9741379310344828,0.6383738492739812,0.6873922994634668,0.7624747941803951,0.8029029793735676,0.7963682820569471,"{'n_estimators': [100], 'max_depth': [10]}","['mfcc_mean', 'wav_approx_std', 'NDSI', 'mfcc_var', 'wav_detail_lvl4_std']",0.6666666666666666,0.6887755102040817,0.645933014354067,0.7737588214147662,0.6648936170212766,0.5822981366459627,0.7747933884297521,0.6041828266546094,0.6046511627906976,0.6985981308411215,0.5329768270944741,0.6911736581803314,0.9741379310344828,1.0,0.9495798319327731,0.9979094448901928,0.6172839506172839,0.4672897196261682,0.9090909090909091,0.9148166591448361
RF,0.7054809538582769,0.9680976762504924,0.639826773260223,0.677050759446568,0.7748934928473347,0.7899159663865546,0.7948264503850467,"{'n_estimators': [100], 'max_depth': [10]}","['wav_detail_lvl5_std', 'wav_approx_std', 'spec_skew', 'mfcc_1', 'wav_detail_lvl4_std']",0.6993318485523385,0.6541666666666667,0.7511961722488039,0.7631922227585398,0.63016157989228,0.5571428571428572,0.7252066115702479,0.595944612526223,0.5714285714285714,0.6747572815533981,0.49554367201426025,0.658056602077682,0.9680976762504924,0.9991869918699187,0.9388846447669977,0.9963941613435665,0.6583850931677019,0.5,0.9636363636363636,0.9605446532192224
RF,0.7054700459385145,0.9669811320754716,0.6400922744042752,0.6804955262659435,0.7738658873727831,0.7868601986249045,0.80589633125715,"{'n_estimators': [100], 'max_depth': [10]}","['wav_detail_lvl5_std', 'mfcc_1', 'spec_kurtosis', 'mfcc_var']",0.7174887892376681,0.6751054852320675,0.7655502392344498,0.8047319533528391,0.6217162872154116,0.5395136778115501,0.7334710743801653,0.5985714213572059,0.5544973544973545,0.6822916666666666,0.46702317290552586,0.6658474536037577,0.9669811320754716,0.9959514170040485,0.9396485867074102,0.9964736494940242,0.6666666666666666,0.5096153846153846,0.9636363636363636,0.963857178477923
RF,0.7054306574235227,0.9713613181639859,0.6389479922384068,0.6867281166164044,0.7687058799161248,0.8017570664629489,0.7989480713892287,"{'n_estimators': [100], 'max_depth': [10]}","['mfcc_mean', 'wav_detail_lvl5_std', 'wav_approx_std', 'NDSI', 'mfcc_var']",0.6714628297362111,0.6730769230769231,0.6698564593301436,0.7364498964116549,0.6584723441615452,0.5725190839694656,0.7747933884297521,0.627823600502817,0.6113989637305699,0.7301980198019802,0.5258467023172906,0.6922706353518032,0.9713613181639859,0.9983870967741936,0.9457601222307105,0.99761565847803,0.6144578313253012,0.4594594594594595,0.9272727272727272,0.9405805662018379
RF,0.7054244326548277,0.964299725382503,0.6407056094729089,0.6882147191245542,0.7690933580913879,0.7918258212375859,0.8002105509368891,"{'n_estimators': [100], 'max_depth': [10]}","['mfcc_mean', 'spec_skew', 'mfcc_1', 'wav_detail_lvl3_std', 'wav_detail_lvl4_std']",0.6966824644549763,0.6901408450704225,0.7033492822966507,0.758513641604315,0.649616368286445,0.5529753265602322,0.7871900826446281,0.6269742074173524,0.5665236051502146,0.7115902964959568,0.47058823529411764,0.6904081350740877,0.964299725382503,0.9911290322580645,0.9388846447669977,0.9962488037839055,0.65,0.49523809523809526,0.9454545454545454,0.9289079668047842
RF,0.7052162095256532,0.970335675253708,0.6389363430936394,0.6852736076901044,0.7713970024721502,0.7960275019098548,0.7965667396006727,"{'n_estimators': [100], 'max_depth': [10]}","['wav_detail_lvl5_std', 'spec_skew', 'mfcc_1', 'NDSI', 'mfcc_var']",0.6912442396313364,0.6666666666666666,0.7177033492822966,0.7544667418796627,0.6480349344978166,0.5612708018154312,0.7665289256198347,0.6142637304818622,0.5744908896034298,0.7204301075268817,0.47771836007130125,0.6602011864718196,0.970335675253708,0.9920191540303273,0.9495798319327731,0.997938637682975,0.6419753086419753,0.48598130841121495,0.9454545454545454,0.9559634014870443
RF,0.7052071936175428,0.9709347996857817,0.6387752921004832,0.6836362279201958,0.767006773131175,0.7948815889992361,0.8016703359451419,"{'n_estimators': [100], 'max_depth': [10]}","['mfcc_mean', 'wav_approx_std', 'spec_skew', 'spec_kurtosis', 'mfcc_var', 'wav_detail_lvl3_std', 'wav_detail_lvl4_std']",0.6778042959427207,0.6761904761904762,0.6794258373205742,0.7800361125220523,0.6526315789473685,0.5670731707317073,0.768595041322314,0.617553259609132,0.5746652935118435,0.6804878048780488,0.49732620320855614,0.6778901122653622,0.9709347996857817,0.9991915925626516,0.9442322383498855,0.9965077372906642,0.65,0.49523809523809526,0.9454545454545454,0.936364458038499
RF,0.7051799766549245,0.96875,0.6392874708186556,0.6768418744883635,0.7716972791726521,0.793353705118411,0.7846707129566259,"{'n_estimators': [100], 'max_depth': [10]}","['wav_detail_lvl5_std', 'spec_skew', 'NDSI', 'spec_kurtosis', 'wav_detail_lvl4_std']",0.6917960088691796,0.6446280991735537,0.7464114832535885,0.7307588143260901,0.6360294117647058,0.5728476821192053,0.7148760330578512,0.6533134979069251,0.579324462640737,0.6802884615384616,0.5044563279857398,0.6017873283449833,0.96875,0.991207034372502,0.9472880061115355,0.9959246304207807,0.65,0.49523809523809526,0.9454545454545454,0.9415692937843505
RF,0.7051443413444994,0.9680725266062278,0.6394122950290675,0.6817011387404136,0.7712007169113839,0.7895339954163484,0.798888674849726,"{'n_estimators': [100], 'max_depth': [10]}","['mfcc_mean', 'wav_approx_std', 'mfcc_1', 'mfcc_var', 'wav_detail_lvl3_std', 'wav_detail_lvl4_std']",0.7042889390519187,0.6666666666666666,0.7464114832535885,0.7929628159191408,0.6230366492146597,0.5392749244712991,0.737603305785124,0.5796367642975216,0.576235541535226,0.7025641025641025,0.48841354723707664,0.6942251166513772,0.9680725266062278,1.0,0.9381207028265852,0.9972561844961811,0.6540880503144654,0.5,0.9454545454545454,0.9303624928844094
RF,0.7051148403866362,0.9676910953506698,0.6394707766456279,0.6772709564158641,0.7745905965692061,0.7925897631779985,0.8033240952809418,"{'n_estimators': [100], 'max_depth': [10]}","['wav_detail_lvl5_std', 'wav_approx_std', 'spec_skew', 'mfcc_1', 'wav_detail_lvl3_std', 'wav_detail_lvl4_std']",0.680089485458613,0.6386554621848739,0.7272727272727273,0.7808673152781896,0.6330027051397655,0.5616,0.7252066115702479,0.6142808989480381,0.5944841675178754,0.6961722488038278,0.5187165775401069,0.680733432673868,0.9676910953506698,0.9991863303498779,0.9381207028265852,0.9967042380197567,0.6503067484662577,0.49074074074074076,0.9636363636363636,0.9440345914848571
RF,0.7051036062053059,0.9631372549019608,0.6405951940311422,0.6762566910069221,0.7633286668299334,0.7868601986249045,0.7689798541293176,"{'n_estimators': [100], 'max_depth': [10]}","['mfcc_mean', 'wav_detail_lvl5_std', 'spec_skew', 'spec_kurtosis', 'wav_detail_lvl4_std']",0.6529680365296804,0.6244541484716157,0.6842105263157895,0.7035162192143525,0.6321626617375231,0.5719063545150501,0.7066115702479339,0.6380606094912843,0.5798816568047337,0.6490066225165563,0.5240641711229946,0.5855948989424248,0.9631372549019608,0.9895245769540693,0.9381207028265852,0.9954179506274878,0.6973684210526315,0.5463917525773195,0.9636363636363636,0.9223095923710384
RF,0.704909809629353,0.9745397571484528,0.6375023227495781,0.6870675993782821,0.7644067875083917,0.8029029793735676,0.7926630009510565,"{'n_estimators': [100], 'max_depth': [10]}","['mfcc_mean', 'wav_approx_std', 'mfcc_1', 'NDSI', 'wav_detail_lvl4_std']",0.6567901234567901,0.6785714285714286,0.6363636363636364,0.7481028836644805,0.6637246248896734,0.5793528505392912,0.7768595041322314,0.6036644088713288,0.6075433231396534,0.7095238095238096,0.5311942959001783,0.6969284611553334,0.9745397571484528,1.0,0.9503437738731857,0.9983966827872641,0.6219512195121951,0.46788990825688076,0.9272727272727272,0.9162225682768752
RF,0.7048957363171178,0.9674126423243031,0.6392665098153214,0.6825587832408286,0.7603316019752834,0.7899159663865546,0.7939120473241627,"{'n_estimators': [100], 'max_depth': [10]}","['mfcc_mean', 'wav_approx_std', 'spec_skew', 'mfcc_var', 'wav_detail_lvl4_std']",0.6571428571428571,0.6540284360189573,0.6602870813397129,0.7668120035471546,0.6425419240953222,0.5608628659476117,0.7520661157024794,0.5956208882573025,0.573170731707317,0.6666666666666666,0.5026737967914439,0.6635669234785851,0.9674126423243031,0.9951534733441034,0.9411764705882353,0.9969404638979557,0.6842105263157895,0.5360824742268041,0.9454545454545454,0.9466199574398154
RF,0.7046989568305841,0.9721459395841506,0.6378372111421924,0.6799589784761358,0.779380378510691,0.799083269671505,0.8102217930322585,"{'n_estimators': [100], 'max_depth': [10]}","['wav_detail_lvl5_std', 'NDSI', 'mfcc_var', 'wav_detail_lvl3_std']",0.6826086956521739,0.6254980079681275,0.7511961722488039,0.756420710591703,0.6619343389529725,0.5800933125972006,0.7706611570247934,0.655667876300557,0.5802997858672377,0.7265415549597856,0.483065953654189,0.7038786797075868,0.9721459395841506,0.9991935483870967,0.946524064171123,0.9978113354119079,0.6265060240963856,0.46846846846846846,0.9454545454545454,0.9373303631495373
RF,0.7045976758259941,0.9718089271730619,0.6377948629892272,0.6867102940431388,0.7699297953196067,0.8021390374331551,0.8077088424708136,"{'n_estimators': [100], 'max_depth': [10]}","['mfcc_mean', 'wav_detail_lvl5_std', 'spec_skew', 'mfcc_1', 'NDSI', 'wav_detail_lvl4_std']",0.6634382566585957,0.6715686274509803,0.6555023923444976,0.7766061672610626,0.6590509666080844,0.573394495412844,0.7747933884297521,0.6272679396538445,0.6133056133056133,0.7356608478802993,0.5258467023172906,0.6934784098314811,0.9718089271730619,0.9967871485943776,0.948051948051948,0.9976266315021548,0.6153846153846154,0.45614035087719296,0.9454545454545454,0.9435650641055255
RF,0.7045426055831313,0.9707602339181286,0.6379881984993819,0.6890551050109851,0.7632819530596058,0.8002291825821237,0.8082135585274874,"{'n_estimators': [100], 'max_depth': [10]}","['mfcc_mean', 'spec_skew', 'NDSI', 'spec_kurtosis', 'mfcc_var', 'wav_detail_lvl4_std']",0.6783042394014963,0.7083333333333334,0.6507177033492823,0.7977608305631427,0.656084656084656,0.5723076923076923,0.768595041322314,0.6350926107991977,0.5993820803295572,0.7097560975609756,0.5187165775401069,0.6764706950530487,0.9707602339181286,0.9912420382165605,0.9511077158135982,0.997649562730522,0.6181818181818182,0.4636363636363636,0.9272727272727272,0.9340940934915262
RF,0.7045054911077104,0.9717203456402199,0.637701777474583,0.6860253748569705,0.7737352252775838,0.7967914438502673,0.8038037811438625,"{'n_estimators': [100], 'max_depth': [10]}","['wav_approx_std', 'spec_skew', 'mfcc_1', 'NDSI', 'wav_detail_lvl3_std']",0.7077625570776256,0.6768558951965066,0.7416267942583732,0.7822137515559339,0.6552609067579127,0.5591240875912409,0.7913223140495868,0.6352295258805639,0.5658324265505985,0.7262569832402235,0.46345811051693403,0.6895039464710084,0.9717203456402199,1.0,0.944996180290298,0.9974663263439933,0.6219512195121951,0.46788990825688076,0.9272727272727272,0.9146053554678136
RF,0.7044784310608232,0.968503937007874,0.6384720545740604,0.680395464465701,0.7749105018257847,0.7910618792971734,0.8090214145211139,"{'n_estimators': [100], 'max_depth': [10]}","['wav_approx_std', 'spec_skew', 'mfcc_1', 'mfcc_var', 'wav_detail_lvl3_std', 'wav_detail_lvl4_std']",0.7284768211920529,0.6762295081967213,0.7894736842105263,0.8270338519065253,0.63881636205396,0.5518796992481203,0.7582644628099173,0.6048697555547005,0.5530546623794212,0.6935483870967742,0.45989304812834225,0.6847583644928072,0.968503937007874,0.9991876523151909,0.9396485867074102,0.9974583930229712,0.6335403726708074,0.4811320754716981,0.9272727272727272,0.9309867076285646
RF,0.7044400757934456,0.9721895808852331,0.6375026995204988,0.6815037439575151,0.7775443591964841,0.7998472116119175,0.8184851055601273,"{'n_estimators': [100], 'max_depth': [10]}","['wav_detail_lvl5_std', 'mfcc_1', 'NDSI', 'wav_detail_lvl3_std', 'wav_detail_lvl4_std']",0.6968325791855203,0.6609442060085837,0.7368421052631579,0.7899745647578786,0.6530249110320284,0.5734375,0.7582644628099173,0.662581192346977,0.5919661733615222,0.7272727272727273,0.49910873440285203,0.7045502003082658,0.9721895808852331,0.997588424437299,0.948051948051948,0.9979329128121572,0.6081871345029239,0.4482758620689655,0.9454545454545454,0.9373866575753576
RF,0.7044091446811024,0.9680725266062278,0.6384932991998209,0.6898328150175171,0.7779491753204109,0.7956455309396486,0.7986383217271565,"{'n_estimators': [100], 'max_depth': [10]}","['wav_approx_std', 'mfcc_1', 'spec_kurtosis', 'wav_detail_lvl3_std']",0.7380952380952381,0.7345971563981043,0.7416267942583732,0.8179456156443501,0.652027027027027,0.5514285714285714,0.7975206611570248,0.6038857537271249,0.5695652173913044,0.7298050139275766,0.46702317290552586,0.6719092076283745,0.9680725266062278,1.0,0.9381207028265852,0.9960997167501057,0.5942857142857143,0.43333333333333335,0.9454545454545454,0.9033513148858273
RF,0.7043789154269497,0.9699336196798126,0.637990239363734,0.6805999190873504,0.7659622927030751,0.7906799083269671,0.8071599423018169,"{'n_estimators': [100], 'max_depth': [10]}","['wav_detail_lvl5_std', 'spec_skew', 'mfcc_1', 'NDSI', 'spec_kurtosis', 'mfcc_var']",0.703962703962704,0.6863636363636364,0.722488038277512,0.7993259422234561,0.6260089686098654,0.5530903328050714,0.7210743801652892,0.6246611532867826,0.5679012345679012,0.6715328467153284,0.4919786096256685,0.6523274752387433,0.9699336196798126,0.9920127795527156,0.9488158899923606,0.9979903676780973,0.6540880503144654,0.5,0.9454545454545454,0.9614947730820044
RF,0.7043189379188262,0.9713837710701686,0.6375527296309906,0.677709437190567,0.7621353700244777,0.7944996180290298,0.7961650675339458,"{'n_estimators': [100], 'max_depth': [10]}","['mfcc_mean', 'wav_detail_lvl5_std', 'NDSI', 'wav_detail_lvl3_std', 'wav_detail_lvl4_std']",0.6311111111111111,0.5892116182572614,0.6794258373205742,0.726320270268802,0.6545784224841342,0.5831987075928917,0.7458677685950413,0.6437573659071947,0.5845213849287169,0.6817102137767221,0.5115864527629234,0.6840715149728933,0.9713837710701686,0.9975845410628019,0.946524064171123,0.9970844587171651,0.68,0.5368421052631579,0.9272727272727272,0.9295917278036738
RF,0.7042662075125243,0.9715177526336325,0.6374533212322473,0.688958922721007,0.7633736382765373,0.7987012987012987,0.8071151194363801,"{'n_estimators': [100], 'max_depth': [10]}","['mfcc_mean', 'wav_approx_std', 'mfcc_1', 'NDSI', 'spec_kurtosis', 'mfcc_var', 'wav_detail_lvl4_std']",0.683046683046683,0.702020202020202,0.6650717703349283,0.8068655668855804,0.6427320490367776,0.5577507598784195,0.7582644628099173,0.610301640646972,0.6020833333333333,0.7243107769423559,0.5151515151515151,0.6839364207665724,0.9715177526336325,0.992822966507177,0.9511077158135982,0.9979144095608886,0.6219512195121951,0.46788990825688076,0.9272727272727272,0.9365575593218879
RF,0.7041569695016443,0.961252446183953,0.6398831003310671,0.6889156481940416,0.7728863602857412,0.7880061115355232,0.8034542591893905,"{'n_estimators': [100], 'max_depth': [10]}","['mfcc_1', 'spec_kurtosis', 'mfcc_var', 'wav_detail_lvl3_std']",0.7321428571428571,0.6861924686192469,0.784688995215311,0.8399805199127638,0.6454316848281643,0.5430183356840621,0.7954545454545454,0.561026732428523,0.5322763306908267,0.7298136645962733,0.41889483065953653,0.6816506809752427,0.961252446183953,0.985553772070626,0.9381207028265852,0.9942580240504939,0.6496815286624203,0.5,0.9272727272727272,0.9403553385799289
RF,0.7040947515660159,0.9717868338557993,0.63717173099357,0.680852342768904,0.7636003231218542,0.7906799083269671,0.7998713680212252,"{'n_estimators': [100], 'max_depth': [10]}","['wav_approx_std', 'spec_skew', 'mfcc_1', 'NDSI', 'spec_kurtosis', 'mfcc_var', 'wav_detail_lvl4_std']",0.6863636363636364,0.6536796536796536,0.722488038277512,0.7909619455782262,0.6313932980599647,0.5507692307692308,0.7396694214876033,0.6236404504615061,0.5642633228840125,0.6818181818181818,0.48128342245989303,0.6527519114908092,0.9717868338557993,0.997586484312148,0.9472880061115355,0.9982262748961138,0.6666666666666666,0.5204081632653061,0.9272727272727272,0.9337762576794706
RF,0.7040352746814862,0.9683222526398123,0.6379635301919047,0.6778857887519305,0.7701333547773176,0.7880061115355232,0.8056628226538786,"{'n_estimators': [100], 'max_depth': [10]}","['wav_detail_lvl5_std', 'spec_skew', 'mfcc_1', 'NDSI', 'spec_kurtosis']",0.7045454545454546,0.670995670995671,0.7416267942583732,0.7993861394084707,0.6291331546023236,0.5543307086614173,0.7272727272727273,0.6337850479976901,0.5515088449531738,0.6625,0.47237076648841353,0.6405136613331647,0.9683222526398123,0.9919871794871795,0.9457601222307105,0.9976574309700719,0.6666666666666666,0.5096153846153846,0.9636363636363636,0.9569718335599957
RF,0.7039956912076745,0.970125786163522,0.6374631674687127,0.6803812640238422,0.7694926913784217,0.7944996180290298,0.8031937095357173,"{'n_estimators': [100], 'max_depth': [10]}","['mfcc_mean', 'wav_detail_lvl5_std', 'wav_approx_std', 'spec_skew', 'mfcc_var', 'wav_detail_lvl3_std']",0.6712328767123288,0.6419213973799127,0.7033492822966507,0.7760008246036525,0.6401414677276747,0.5595054095826894,0.7479338842975206,0.6083930051727574,0.5925155925155925,0.7107231920199502,0.5080213903743316,0.6889130136111515,0.970125786163522,0.9991902834008097,0.9427043544690603,0.9971305522263484,0.6459627329192547,0.49056603773584906,0.9454545454545454,0.9455311520646769
RF,0.7039463887362759,0.970335675253708,0.637349067106918,0.6797934643126275,0.7694208662151245,0.7941176470588235,0.8088077767325201,"{'n_estimators': [100], 'max_depth': [10]}","['wav_detail_lvl5_std', 'spec_skew', 'mfcc_1', 'NDSI', 'spec_kurtosis', 'mfcc_var', 'wav_detail_lvl4_std']",0.6926605504587156,0.6651982378854625,0.722488038277512,0.8054156689385121,0.6403587443946188,0.5657686212361331,0.737603305785124,0.6288133274787153,0.5744016649323621,0.69,0.4919786096256685,0.6653689544297561,0.970335675253708,0.9920191540303273,0.9495798319327731,0.998040355182455,0.6419753086419753,0.48598130841121495,0.9454545454545454,0.9464005776331621
RF,0.7039124560960357,0.9693877551020408,0.6375436313445344,0.6856821984394739,0.7715878417482696,0.7964094728800611,0.8089047807748735,"{'n_estimators': [100], 'max_depth': [10]}","['wav_approx_std', 'spec_skew', 'mfcc_1', 'NDSI', 'mfcc_var', 'wav_detail_lvl3_std']",0.7053364269141531,0.6846846846846847,0.7272727272727273,0.8122535574515708,0.6488352027610008,0.557037037037037,0.7768595041322314,0.6207027238105991,0.5815450643776824,0.7304582210242587,0.483065953654189,0.6843916419200657,0.9693877551020408,0.9967715899919289,0.9434682964094728,0.9978616984395245,0.6144578313253012,0.4594594594594595,0.9272727272727272,0.929314282252607
RF,0.7038175226725989,0.9658689682228325,0.6383046612850405,0.6833974363775601,0.7770852264350717,0.7925897631779985,0.8204810222250168,"{'n_estimators': [100], 'max_depth': [10]}","['wav_detail_lvl5_std', 'spec_kurtosis', 'mfcc_var', 'wav_detail_lvl3_std']",0.7142857142857143,0.6888888888888889,0.7416267942583732,0.8310216472084263,0.6470588235294118,0.5565476190476191,0.7727272727272727,0.6391188691690018,0.5646551724137931,0.7138964577656676,0.46702317290552586,0.6878551809208895,0.9658689682228325,0.992741935483871,0.9404125286478228,0.9958406211932194,0.6272189349112426,0.4649122807017544,0.9636363636363636,0.9485687926335472
RF,0.7036081768263512,0.9709347996857817,0.6367765211114936,0.6754472045760066,0.7742314829368023,0.7975553857906799,0.804849529386915,"{'n_estimators': [100], 'max_depth': [10]}","['wav_detail_lvl5_std', 'NDSI', 'spec_kurtosis', 'wav_detail_lvl3_std', 'wav_detail_lvl4_std']",0.6842105263157895,0.631578947368421,0.7464114832535885,0.7712801967490379,0.662431941923775,0.5906148867313916,0.7541322314049587,0.6831328078911307,0.5785123966942148,0.687960687960688,0.49910873440285203,0.63930736354471,0.9709347996857817,0.9991915925626516,0.9442322383498855,0.9961552428605911,0.6219512195121951,0.46788990825688076,0.9272727272727272,0.934372035889106
RF,0.7035942649443132,0.9695550351288056,0.63710407239819,0.6808168895371509,0.7703746970732616,0.7975553857906799,0.814858437617542,"{'n_estimators': [100], 'max_depth': [10]}","['wav_detail_lvl5_std', 'spec_skew', 'NDSI', 'spec_kurtosis', 'mfcc_var', 'wav_detail_lvl4_std']",0.691764705882353,0.6805555555555556,0.7033492822966507,0.8143430576715572,0.644343891402715,0.573268921095008,0.7355371900826446,0.6411854914908242,0.5969230769230769,0.7028985507246377,0.5187165775401069,0.6639704927375085,0.9695550351288056,0.99122106943336,0.9488158899923606,0.9974695007634914,0.6153846153846154,0.45614035087719296,0.9454545454545454,0.957323645424328
RF,0.703415305402925,0.9718969555035128,0.636294892877778,0.680644732737038,0.7704782617701278,0.7967914438502673,0.8008748215716025,"{'n_estimators': [100], 'max_depth': [10]}","['wav_detail_lvl5_std', 'spec_skew', 'mfcc_1', 'NDSI', 'mfcc_var', 'wav_detail_lvl4_std']",0.6850574712643678,0.6592920353982301,0.7129186602870813,0.7720356132223908,0.6434316353887399,0.5669291338582677,0.743801652892562,0.6348380587908945,0.5863874345549738,0.7106598984771574,0.49910873440285203,0.6676412859105131,0.9718969555035128,0.9936153232242618,0.9511077158135982,0.9981447889814674,0.6303030303030303,0.4727272727272727,0.9454545454545454,0.9317143609527472
RF,0.7034052241148131,0.9698630136986301,0.6367907767188588,0.6870019253390021,0.7683712441044274,0.7964094728800611,0.8100425432344462,"{'n_estimators': [100], 'max_depth': [10]}","['wav_approx_std', 'spec_skew', 'NDSI', 'spec_kurtosis', 'mfcc_var', 'wav_detail_lvl3_std']",0.709832134292566,0.7115384615384616,0.7081339712918661,0.8099912372106213,0.6499567847882455,0.5586924219910847,0.7768595041322314,0.631680007501983,0.5765957446808511,0.7150395778364116,0.483065953654189,0.6870144041901651,0.9698630136986301,0.9943820224719101,0.946524064171123,0.9975669165239932,0.6107784431137725,0.45535714285714285,0.9272727272727272,0.9239601507454681
RF,0.7033011524978832,0.9698157585260682,0.6366725009908369,0.6847741418084808,0.7693165095529295,0.7964094728800611,0.8052887478456977,"{'n_estimators': [100], 'max_depth': [10]}","['mfcc_mean', 'wav_detail_lvl5_std', 'spec_skew', 'mfcc_1', 'NDSI', 'mfcc_var', 'wav_detail_lvl4_std']",0.6857142857142857,0.6824644549763034,0.6889952153110048,0.7697035890534535,0.6451612903225806,0.5580693815987934,0.7644628099173554,0.6247898944947139,0.5930599369085173,0.7230769230769231,0.5026737967914439,0.6933195696418888,0.9698157585260682,0.9959742351046699,0.944996180290298,0.99791457220958,0.6227544910179641,0.4642857142857143,0.9454545454545454,0.9407161138288518
RF,0.703195940468853,0.9725274725274725,0.6358630574541981,0.6807940778117104,0.7751418775426656,0.8002291825821237,0.8057905088113518,"{'n_estimators': [100], 'max_depth': [10]}","['wav_detail_lvl5_std', 'wav_approx_std', 'NDSI', 'mfcc_var', 'wav_detail_lvl3_std']",0.6875,0.6443514644351465,0.7368421052631579,0.7543241169652156,0.6536758193091231,0.5720930232558139,0.762396694214876,0.6324736188803971,0.5987261146496815,0.7401574803149606,0.5026737967914439,0.7185264881034881,0.9725274725274725,1.0,0.946524064171123,0.997531835003628,0.6035502958579881,0.4473684210526316,0.9272727272727272,0.9260964851040304
RF,0.7030568865395136,0.9654359780047133,0.6374621136732136,0.6899360273700086,0.7701120448179272,0.7929717341482048,0.8045630086896344,"{'n_estimators': [100], 'max_depth': [10]}","['wav_approx_std', 'spec_skew', 'mfcc_1', 'spec_kurtosis', 'mfcc_var', 'wav_detail_lvl3_std']",0.7152941176470589,0.7037037037037037,0.7272727272727273,0.8270967556651828,0.6465155331654072,0.5445544554455446,0.7954545454545454,0.5864880942579054,0.5698569856985699,0.7442528735632183,0.46167557932263814,0.6784741680778479,0.9654359780047133,0.9935327405012127,0.9388846447669977,0.9962451792723961,0.6181818181818182,0.4636363636363636,0.9272727272727272,0.93451084617484
RF,0.7030564869847661,0.9713837710701686,0.6359746659634153,0.6776970595424683,0.7723236019070525,0.7975553857906799,0.7989891189337737,"{'n_estimators': [100], 'max_depth': [10]}","['NDSI', 'spec_kurtosis', 'wav_detail_lvl3_std', 'wav_detail_lvl4_std']",0.6757990867579908,0.6462882096069869,0.7081339712918661,0.7690768592613582,0.6618834080717488,0.5847860538827259,0.762396694214876,0.6685903241504378,0.5797101449275363,0.691358024691358,0.49910873440285203,0.6439986899662169,0.9713837710701686,0.9975845410628019,0.946524064171123,0.9966704527699668,0.6265060240963856,0.46846846846846846,0.9454545454545454,0.9166092685208889
RF,0.7029967268748065,0.9697445972495088,0.6363097592811309,0.6767155209855804,0.7711537716434986,0.7922077922077922,0.7829624952988515,"{'n_estimators': [100], 'max_depth': [10]}","['mfcc_mean', 'wav_detail_lvl5_std', 'wav_approx_std', 'mfcc_var', 'wav_detail_lvl4_std']",0.6850574712643678,0.6592920353982301,0.7129186602870813,0.7221804286425849,0.6311992786293958,0.56,0.7231404958677686,0.5781546942746087,0.5865580448065173,0.684085510688836,0.5133689839572193,0.6723549708214487,0.9697445972495088,0.9983818770226537,0.9427043544690603,0.9963725768914783,0.6424242424242425,0.4818181818181818,0.9636363636363636,0.9457498058641369
RF,0.7029812258895123,0.9673356946084218,0.6368926087097849,0.678497602239116,0.7706754611370429,0.787624140565317,0.8075471410365231,"{'n_estimators': [100], 'max_depth': [10]}","['wav_detail_lvl5_std', 'wav_approx_std', 'mfcc_1', 'spec_kurtosis', 'mfcc_var']",0.7361111111111112,0.7130044843049327,0.7607655502392344,0.8251485088155225,0.6212389380530974,0.5433436532507739,0.7252066115702479,0.605449399544009,0.5599173553719008,0.6658476658476659,0.483065953654189,0.6624382280432252,0.9673356946084218,0.997564935064935,0.9388846447669977,0.9965276472817393,0.6303030303030303,0.4727272727272727,0.9454545454545454,0.9481719214981198
RF,0.7029471689154059,0.9679186228482003,0.6367043054322072,0.6797859282255783,0.7616188746050835,0.7899159663865546,0.7917303948450733,"{'n_estimators': [100], 'max_depth': [10]}","['mfcc_mean', 'wav_approx_std', 'spec_skew', 'mfcc_1', 'wav_detail_lvl4_std']",0.6445497630331753,0.6384976525821596,0.6507177033492823,0.774488032502397,0.6513274336283186,0.5696594427244582,0.7603305785123967,0.5965188232036746,0.5626283367556468,0.6634382566585957,0.48841354723707664,0.6572680796801186,0.9679186228482003,0.991980753809142,0.944996180290298,0.9971844739068357,0.6883116883116883,0.5353535353535354,0.9636363636363636,0.9331925649323407
RF,0.7027876881164448,0.970714564623194,0.6358059689897575,0.6789353346446377,0.7702188261124372,0.7941176470588235,0.8117349569310817,"{'n_estimators': [100], 'max_depth': [10]}","['wav_detail_lvl5_std', 'spec_skew', 'mfcc_1', 'NDSI', 'spec_kurtosis', 'wav_detail_lvl4_std']",0.7030878859857482,0.6981132075471698,0.7081339712918661,0.8082204284026111,0.6295620437956204,0.5637254901960784,0.7128099173553719,0.6421617506217194,0.5870445344129555,0.6791569086651054,0.5169340463458111,0.6488459102429285,0.970714564623194,0.9928115015974441,0.9495798319327731,0.997930156332812,0.6235294117647059,0.4608695652173913,0.9636363636363636,0.9615165390553368
RF,0.7027457635507761,0.966327329678935,0.6368503720187364,0.6784140949711946,0.7766898529746827,0.7902979373567609,0.7974866677970646,"{'n_estimators': [100], 'max_depth': [10]}","['mfcc_mean', 'wav_detail_lvl5_std', 'mfcc_1', 'mfcc_var', 'wav_detail_lvl3_std']",0.7030567685589519,0.6465863453815262,0.7703349282296651,0.7497353487944434,0.6246672582076309,0.5474339035769828,0.7272727272727273,0.6106489383909333,0.5772532188841202,0.7250673854447439,0.47950089126559714,0.6836130376821271,0.966327329678935,0.9911646586345382,0.9427043544690603,0.9963304714764716,0.6424242424242425,0.4818181818181818,0.9636363636363636,0.9471055426413476
RF,0.702644585543388,0.963166144200627,0.6375141958790782,0.6748899099875435,0.7728452877453721,0.7868601986249045,0.7908636449360404,"{'n_estimators': [100], 'max_depth': [10]}","['mfcc_mean', 'wav_detail_lvl5_std', 'mfcc_1', 'wav_detail_lvl3_std']",0.691304347826087,0.6334661354581673,0.7607655502392344,0.7299485269273062,0.6209386281588448,0.5512820512820513,0.7107438016528925,0.6050255607251351,0.5753138075313807,0.6962025316455697,0.49019607843137253,0.6843889788936441,0.963166144200627,0.9887369267900241,0.9388846447669977,0.9957814460355194,0.6625,0.5047619047619047,0.9636363636363636,0.9391737120985971
RF,0.7026241224912593,0.969315499606609,0.6359512782124219,0.6790159746813923,0.7712519509761278,0.7906799083269671,0.8076135581831941,"{'n_estimators': [100], 'max_depth': [10]}","['wav_approx_std', 'mfcc_1', 'spec_kurtosis', 'wav_detail_lvl3_std', 'wav_detail_lvl4_std']",0.7061503416856492,0.6739130434782609,0.7416267942583732,0.8157983523537808,0.636920384951881,0.5523520485584219,0.7520661157024794,0.6035439893279042,0.5626975763962065,0.6881443298969072,0.47593582887700536,0.686256687132135,0.969315499606609,0.9991889699918897,0.9411764705882353,0.9970550802548784,0.6380368098159509,0.48148148148148145,0.9454545454545454,0.9354136818472727
RF,0.7025250662779363,0.9658957271658173,0.6366824010559662,0.6723946302820984,0.7654421786113315,0.7872421695951107,0.7798956945340315,"{'n_estimators': [100], 'max_depth': [10]}","['mfcc_mean', 'wav_detail_lvl5_std', 'spec_skew', 'spec_kurtosis', 'wav_detail_lvl3_std', 'wav_detail_lvl4_std']",0.6577181208053692,0.6176470588235294,0.7033492822966507,0.7241414750641699,0.6377079482439926,0.5769230769230769,0.7128099173553719,0.6515708268097621,0.5674325674325674,0.6454545454545455,0.5062388591800356,0.6034040861141212,0.9658957271658173,0.9919484702093397,0.9411764705882353,0.9955716967445112,0.6838709677419355,0.53,0.9636363636363636,0.9247903879375932
RF,0.7024982643628774,0.9646781789638933,0.6369532857126237,0.6769486421391926,0.7705228798783541,0.787624140565317,0.8081936380278751,"{'n_estimators': [100], 'max_depth': [10]}","['wav_detail_lvl5_std', 'spec_skew', 'spec_kurtosis', 'mfcc_var']",0.7018348623853211,0.6740088105726872,0.7320574162679426,0.8213519327014971,0.6304541406945681,0.5539906103286385,0.731404958677686,0.6060152666211702,0.5652173913043478,0.674074074074074,0.48663101604278075,0.6466857283806218,0.9646781789638933,0.9919289749798225,0.9388846447669977,0.9956380379488794,0.6503067484662577,0.49074074074074076,0.9636363636363636,0.9712772244872074
RF,0.7024821586107175,0.9639498432601881,0.63711523744835,0.6825085756187506,0.760430975347947,0.7864782276546982,0.8032970386467978,"{'n_estimators': [100], 'max_depth': [10]}","['spec_skew', 'mfcc_1', 'spec_kurtosis', 'wav_detail_lvl3_std', 'wav_detail_lvl4_std']",0.6970387243735763,0.6652173913043479,0.7320574162679426,0.7986536813205081,0.6402753872633391,0.5486725663716814,0.768595041322314,0.6176806384135759,0.5444801714898178,0.6827956989247311,0.45276292335115864,0.6706406706611393,0.9639498432601881,0.9895414320193081,0.9396485867074102,0.9957434946264075,0.6666666666666666,0.5263157894736842,0.9090909090909091,0.9337667082123582
RF,0.7024509096887782,0.9697445972495088,0.6356274877985956,0.6756648242743355,0.7729371557235334,0.793353705118411,0.7878431446651176,"{'n_estimators': [100], 'max_depth': [10]}","['mfcc_mean', 'wav_detail_lvl5_std', 'wav_approx_std', 'mfcc_1', 'wav_detail_lvl4_std']",0.6772009029345373,0.6410256410256411,0.7177033492822966,0.7424995525655527,0.6353790613718412,0.5641025641025641,0.7272727272727273,0.572453525371172,0.5913757700205339,0.6973365617433414,0.5133689839572193,0.676450233078359,0.9697445972495088,0.9983818770226537,0.9427043544690603,0.996137892858484,0.6385542168674698,0.4774774774774775,0.9636363636363636,0.9516745194520205
RF,0.7023188500835675,0.9705072748721982,0.6352717438864098,0.6809601428305625,0.7742320921409016,0.7975553857906799,0.8021626004852905,"{'n_estimators': [100], 'max_depth': [10]}","['wav_approx_std', 'mfcc_1', 'NDSI', 'wav_detail_lvl3_std']",0.6905829596412556,0.6497890295358649,0.7368421052631579,0.7936215111369009,0.65970409051349,0.5699248120300752,0.7830578512396694,0.6194700996922097,0.5800214822771214,0.7297297297297297,0.48128342245989303,0.7047840672234769,0.9705072748721982,1.0,0.9427043544690603,0.9979483446709341,0.6107784431137725,0.45535714285714285,0.9272727272727272,0.8949889797029318
RF,0.7022213874662047,0.964299725382503,0.6367018029871301,0.6760549213194429,0.7668047244996302,0.7834224598930482,0.8067331669243851,"{'n_estimators': [100], 'max_depth': [10]}","['wav_detail_lvl5_std', 'spec_skew', 'mfcc_1', 'spec_kurtosis', 'mfcc_var']",0.7048054919908466,0.6754385964912281,0.7368421052631579,0.8259579116228691,0.6185383244206774,0.5438871473354232,0.7169421487603306,0.5933847859471492,0.5525773195876289,0.6552567237163814,0.47771836007130125,0.6462719254709642,0.964299725382503,0.9911290322580645,0.9388846447669977,0.9966812353615446,0.6708860759493671,0.5145631067961165,0.9636363636363636,0.9713699762193985
RF,0.7021183671304455,0.9657884388517499,0.6362008492001194,0.6829580782474877,0.7731980900233082,0.7925897631779985,0.8029909399659182,"{'n_estimators': [100], 'max_depth': [10]}","['wav_approx_std', 'spec_skew', 'mfcc_1', 'mfcc_var', 'wav_detail_lvl3_std']",0.7210884353741497,0.6853448275862069,0.7607655502392344,0.8210059937573313,0.6355785837651122,0.5459940652818991,0.7603305785123967,0.5901440223683887,0.5809935205183585,0.736986301369863,0.47950089126559714,0.6805054787099688,0.9657884388517499,0.9951377633711507,0.9381207028265852,0.9965549758561936,0.6071428571428571,0.45132743362831856,0.9272727272727272,0.9267442291377095
RF,0.702074704893192,0.9647335423197492,0.6364099955365528,0.6812612633036963,0.7720807487849424,0.7887700534759359,0.8111082336173416,"{'n_estimators': [100], 'max_depth': [10]}","['spec_skew', 'mfcc_1', 'mfcc_var', 'wav_detail_lvl3_std', 'wav_detail_lvl4_std']",0.7114967462039046,0.6507936507936508,0.784688995215311,0.8137926115671896,0.6373056994818653,0.5474777448071216,0.762396694214876,0.6186443147112651,0.5512679162072768,0.7225433526011561,0.44563279857397503,0.6882547841715538,0.9647335423197492,0.9903459372485921,0.9404125286478228,0.996741060306811,0.6455696202531646,0.49514563106796117,0.9272727272727272,0.938108397329888
RF,0.7020037222715544,0.9642436149312377,0.6364437491066335,0.6867715471546127,0.7736679935131947,0.7941176470588235,0.8010415784587774,"{'n_estimators': [100], 'max_depth': [10]}","['wav_approx_std', 'spec_skew', 'spec_kurtosis', 'mfcc_var', 'wav_detail_lvl3_std']",0.7109004739336493,0.704225352112676,0.7177033492822966,0.8076579919085115,0.6547619047619048,0.5563583815028902,0.7954545454545454,0.6020386440901694,0.5754614549402823,0.7361111111111112,0.47237076648841353,0.6736044263710476,0.9642436149312377,0.9927184466019418,0.9373567608861727,0.995246302076577,0.6046511627906976,0.4444444444444444,0.9454545454545454,0.9266605278475817
RF,0.7019689020435221,0.9725705329153606,0.6343184943255624,0.67768698864234,0.7687012134127248,0.7937356760886173,0.8004877701737223,"{'n_estimators': [100], 'max_depth': [10]}","['wav_detail_lvl5_std', 'wav_approx_std', 'spec_skew', 'mfcc_1', 'NDSI', 'mfcc_var', 'wav_detail_lvl4_std']",0.6880733944954128,0.6607929515418502,0.7177033492822966,0.76807957927162,0.6332737030411449,0.5583596214511041,0.731404958677686,0.6241501257078182,0.5817805383022774,0.6938271604938272,0.5008912655971479,0.6729693683836696,0.9725705329153606,0.998390989541432,0.948051948051948,0.9979447751106106,0.6341463414634146,0.47706422018348627,0.9454545454545454,0.9392950023948928
RF,0.7019324345531176,0.9705072748721982,0.6347887244733474,0.6800079077395862,0.7683949421438867,0.7941176470588235,0.7999554376853162,"{'n_estimators': [100], 'max_depth': [10]}","['wav_approx_std', 'spec_skew', 'mfcc_var', 'wav_detail_lvl3_std', 'wav_detail_lvl4_std']",0.6880733944954128,0.6607929515418502,0.7177033492822966,0.7911152305785017,0.6527415143603134,0.5639097744360902,0.7747933884297521,0.6036135127553419,0.5687103594080338,0.6987012987012987,0.47950089126559714,0.6836423503379508,0.9705072748721982,1.0,0.9427043544690603,0.9964863351505286,0.6296296296296297,0.4766355140186916,0.9272727272727272,0.9249197596042577
RF,0.7018878467020635,0.96700706991359,0.635608040899182,0.6806789655543474,0.7698241836969674,0.7918258212375859,0.8063863385529695,"{'n_estimators': [100], 'max_depth': [10]}","['wav_approx_std', 'spec_skew', 'spec_kurtosis', 'mfcc_var', 'wav_detail_lvl3_std', 'wav_detail_lvl4_std']",0.6857142857142857,0.6824644549763034,0.6889952153110048,0.7925124826690397,0.6533101045296167,0.5647590361445783,0.7747933884297521,0.6308010017566519,0.5648535564853556,0.6835443037974683,0.48128342245989303,0.6763451329144095,0.96700706991359,0.9951495553759094,0.9404125286478228,0.9962767790927242,0.6385542168674698,0.4774774774774775,0.9636363636363636,0.9359962963320222
RF,0.7018812198110721,0.967843137254902,0.6353907404501147,0.6835921330076168,0.7704389681057286,0.7956455309396486,0.7939588965436093,"{'n_estimators': [100], 'max_depth': [10]}","['mfcc_mean', 'wav_detail_lvl5_std', 'mfcc_1', 'NDSI']",0.675990675990676,0.6590909090909091,0.69377990430622,0.7385250899082554,0.656896551724138,0.5636094674556213,0.7871900826446281,0.6037192297854685,0.5821697099892589,0.7324324324324324,0.483065953654189,0.7005743788882047,0.967843137254902,0.9943593875906527,0.9427043544690603,0.997816431687888,0.6265060240963856,0.46846846846846846,0.9454545454545454,0.9291593524482297
RF,0.7018540084279926,0.9696969696969697,0.6348932681107482,0.6826814964224759,0.7685193050686999,0.7944996180290298,0.8049837972009346,"{'n_estimators': [100], 'max_depth': [10]}","['mfcc_mean', 'wav_approx_std', 'spec_skew', 'mfcc_var', 'wav_detail_lvl3_std']",0.6729411764705883,0.6620370370370371,0.6842105263157895,0.7933351705593222,0.6534823731728289,0.5596465390279823,0.7851239669421488,0.6066917683547568,0.5790031813361611,0.7146596858638743,0.48663101604278075,0.6978792509371554,0.9696969696969697,1.0,0.9411764705882353,0.9962536916015861,0.6341463414634146,0.47706422018348627,0.9454545454545454,0.930759104551853
RF,0.7018520857199343,0.9619159795838241,0.6368361122539619,0.684117588343543,0.7680242901858438,0.7887700534759359,0.7885050866914353,"{'n_estimators': [100], 'max_depth': [10]}","['mfcc_mean', 'mfcc_1', 'spec_kurtosis', 'mfcc_var', 'wav_detail_lvl4_std']",0.6857142857142857,0.6824644549763034,0.6889952153110048,0.7289435635346456,0.6380789022298456,0.5454545454545454,0.768595041322314,0.5987678368914078,0.577209797657082,0.716931216931217,0.483065953654189,0.6837719200575093,0.9619159795838241,0.9894991922455574,0.9358288770053476,0.9964602337905609,0.6463414634146342,0.48623853211009177,0.9636363636363636,0.9345818791830522
RF,0.7018224090618433,0.9642436149312377,0.6362171075944948,0.6751499389402873,0.7691089780844917,0.7845683728036669,0.8078251313972865,"{'n_estimators': [100], 'max_depth': [10]}","['wav_detail_lvl5_std', 'spec_skew', 'mfcc_1', 'spec_kurtosis']",0.7029478458049887,0.6681034482758621,0.7416267942583732,0.8078387249363297,0.6245551601423488,0.5484375,0.7252066115702479,0.6020226809869244,0.5548654244306418,0.6617283950617284,0.47771836007130125,0.657025564188578,0.9642436149312377,0.9927184466019418,0.9373567608861727,0.9960195353420669,0.6625,0.5047619047619047,0.9636363636363636,0.9762191515325337
RF,0.7017304621931034,0.970102281667978,0.6346375073243848,0.6855545275257924,0.7572458979241979,0.7891520244461421,0.8122173956620378,"{'n_estimators': [100], 'max_depth': [10]}","['mfcc_mean', 'wav_approx_std', 'spec_skew', 'NDSI', 'spec_kurtosis', 'mfcc_var']",0.6864197530864198,0.7091836734693877,0.6650717703349283,0.8042871652013176,0.6386986301369864,0.5453216374269005,0.7706611570247934,0.6464085536003085,0.5595854922279793,0.6683168316831684,0.48128342245989303,0.667731243348828,0.970102281667978,1.0,0.9419404125286478,0.9978710599808404,0.6538461538461539,0.504950495049505,0.9272727272727272,0.9447889561788949
RF,0.7016579781242612,0.9714509190457568,0.6342097428938873,0.6762301075725794,0.7695102973768889,0.7948815889992361,0.8072173696346697,"{'n_estimators': [100], 'max_depth': [10]}","['wav_detail_lvl5_std', 'mfcc_1', 'NDSI', 'spec_kurtosis', 'wav_detail_lvl4_std']",0.6864988558352403,0.6578947368421053,0.7177033492822966,0.7934227769483879,0.6400725294650952,0.5702746365105008,0.7293388429752066,0.6351408812904845,0.5837615621788284,0.6893203883495146,0.5062388591800356,0.6565405133264286,0.9714509190457568,0.9951923076923077,0.9488158899923606,0.9980159888331795,0.6265060240963856,0.46846846846846846,0.9454545454545454,0.9529666877748683
RF,0.7016433332140137,0.968885387948011,0.6348328195305144,0.6807204667430502,0.7570930364316236,0.7815126050420168,0.7923455794447836,"{'n_estimators': [100], 'max_depth': [10]}","['mfcc_mean', 'wav_approx_std', 'spec_skew', 'spec_kurtosis', 'mfcc_var']",0.6746987951807228,0.6796116504854369,0.6698564593301436,0.7813658460267042,0.6211072664359861,0.5342261904761905,0.7417355371900827,0.6098366260581944,0.5415384615384615,0.6376811594202898,0.47058823529411764,0.6432009464051177,0.968885387948011,1.0,0.9396485867074102,0.9963191243687436,0.7019867549668874,0.5520833333333334,0.9636363636363636,0.9310053543651583
RF,0.7016323465034054,0.9711613406079501,0.6342500979772693,0.6866932457550852,0.7600794036622913,0.8025210084033614,0.8019883027395703,"{'n_estimators': [100], 'max_depth': [10]}","['mfcc_mean', 'mfcc_1', 'NDSI', 'spec_kurtosis', 'wav_detail_lvl4_std']",0.6616915422885572,0.689119170984456,0.6363636363636364,0.7852494090985368,0.6578014184397163,0.5760869565217391,0.7665289256198347,0.6195381551738168,0.6187050359712231,0.7305825242718447,0.5365418894830659,0.6839348011515671,0.9711613406079501,0.9912490055688147,0.9518716577540107,0.9979479122685776,0.5988023952095808,0.44642857142857145,0.9090909090909091,0.9232712360053537
RF,0.7014383330833643,0.9713388299960738,0.633963208855187,0.6748754243523044,0.7576346188758235,0.7910618792971734,0.7804912067711957,"{'n_estimators': [100], 'max_depth': [10]}","['mfcc_mean', 'wav_detail_lvl5_std', 'wav_approx_std', 'spec_kurtosis', 'wav_detail_lvl4_std']",0.6113744075829384,0.6056338028169014,0.6172248803827751,0.7034553788264563,0.6471127406049496,0.5815485996705108,0.7293388429752066,0.6087873623933903,0.5845552297165201,0.6471861471861472,0.5329768270944741,0.6381648379705236,0.9713388299960738,0.9991922455573505,0.944996180290298,0.9961367130742173,0.6928104575163399,0.5408163265306123,0.9636363636363636,0.9559117415913911
RF,0.7013105942091288,0.9655442443226312,0.6352521816807531,0.6816689003439593,0.7686523917962139,0.7906799083269671,0.8141913165079104,"{'n_estimators': [100], 'max_depth': [10]}","['mfcc_1', 'spec_kurtosis', 'mfcc_var', 'wav_detail_lvl3_std', 'wav_detail_lvl4_std']",0.7074829931972789,0.6724137931034483,0.7464114832535885,0.833285396490199,0.638961038961039,0.5499254843517138,0.762396694214876,0.6105820819481923,0.564935064935065,0.71900826446281,0.46524064171123,0.693176848409821,0.9655442443226312,0.9903614457831326,0.9419404125286478,0.9965826522788668,0.6296296296296297,0.4766355140186916,0.9272727272727272,0.937329603412474
RF,0.701296258391312,0.9708057609964967,0.6339188827400158,0.6839600400614447,0.7523422313684064,0.7891520244461421,0.7998898017363779,"{'n_estimators': [100], 'max_depth': [10]}","['mfcc_mean', 'NDSI', 'spec_kurtosis', 'mfcc_var']",0.6782178217821783,0.7025641025641025,0.6555023923444976,0.7744859607372443,0.6325088339222615,0.5524691358024691,0.7396694214876033,0.6381620941815156,0.558282208588957,0.6546762589928058,0.48663101604278075,0.6506373439144245,0.9708057609964967,0.9896825396825397,0.9526355996944232,0.9974556488680486,0.6666666666666666,0.5204081632653061,0.9272727272727272,0.9387079609806568
RF,0.7011860605443309,0.9638364779874213,0.6355234561835582,0.6840257008412998,0.7660648217529726,0.7891520244461421,0.795964350391247,"{'n_estimators': [100], 'max_depth': [10]}","['mfcc_mean', 'spec_skew', 'mfcc_1', 'wav_detail_lvl3_std']",0.6921241050119332,0.6904761904761905,0.69377990430622,0.7441584719693931,0.64910790144435,0.5512265512265512,0.7892561983471075,0.6071443611443852,0.5588865096359743,0.6997319034852547,0.46524064171123,0.6879441782266928,0.9638364779874213,0.9927125506072875,0.9365928189457601,0.9961867697289668,0.6419753086419753,0.48598130841121495,0.9454545454545454,0.944387970886797
RF,0.7011707693565529,0.9705535924617197,0.6338250635802612,0.673528344700744,0.7749347725170973,0.7956455309396486,0.7973066469456178,"{'n_estimators': [100], 'max_depth': [10]}","['wav_detail_lvl5_std', 'wav_approx_std', 'mfcc_1', 'wav_detail_lvl3_std', 'wav_detail_lvl4_std']",0.673866090712743,0.6141732283464567,0.7464114832535885,0.7422622923045455,0.6399270738377393,0.5725938009787929,0.7252066115702479,0.593775745040769,0.5987525987525988,0.7182044887780549,0.5133689839572193,0.7178705801750724,0.9705535924617197,0.9983844911147012,0.9442322383498855,0.9967238915098139,0.6227544910179641,0.4642857142857143,0.9454545454545454,0.935900725697888
RF,0.7011468452827245,0.9689098780007871,0.6342060871032087,0.67723028107525,0.7733703973107293,0.7906799083269671,0.8026630734099152,"{'n_estimators': [100], 'max_depth': [10]}","['wav_detail_lvl5_std', 'wav_approx_std', 'spec_skew', 'mfcc_var', 'wav_detail_lvl3_std']",0.6899563318777293,0.6345381526104418,0.7559808612440191,0.7841938214532131,0.6393013100436681,0.5537065052950075,0.756198347107438,0.6138828353253671,0.5655913978494623,0.7127371273712737,0.46880570409982175,0.6816046841509287,0.9689098780007871,0.9991883116883117,0.9404125286478228,0.9959706722763781,0.6419753086419753,0.48598130841121495,0.9454545454545454,0.9376633538436894
RF,0.700951488288809,0.9673099645529736,0.6343618692227679,0.6738509436255027,0.7737091391580556,0.7902979373567609,0.7970642933177168,"{'n_estimators': [100], 'max_depth': [10]}","['wav_detail_lvl5_std', 'wav_approx_std', 'spec_skew', 'mfcc_1', 'mfcc_var', 'wav_detail_lvl4_std']",0.6936936936936937,0.6553191489361702,0.7368421052631579,0.7736158874948169,0.6319569120287253,0.5587301587301587,0.7272727272727273,0.5967154560268946,0.5808444902162719,0.6878048780487804,0.5026737967914439,0.6666068813328707,0.9673099645529736,0.9983739837398374,0.9381207028265852,0.9968030443081713,0.6309523809523809,0.4690265486725664,0.9636363636363636,0.9515801974258308
RF,0.7007526309365391,0.9678683385579937,0.6339737040311753,0.6790317121826933,0.7636954076976593,0.7918258212375859,0.7959327061823165,"{'n_estimators': [100], 'max_depth': [10]}","['mfcc_mean', 'wav_detail_lvl5_std', 'spec_skew', 'mfcc_1', 'wav_detail_lvl4_std']",0.6538461538461539,0.6570048309178744,0.6507177033492823,0.7208888644035172,0.6472148541114059,0.5656877897990726,0.756198347107438,0.6243667343855437,0.5805128205128205,0.6835748792270532,0.5044563279857398,0.6732916761191478,0.9678683385579937,0.9935639581657281,0.9434682964094728,0.9964176740328419,0.654320987654321,0.4953271028037383,0.9636363636363636,0.9646985819705327
RF,0.7005769552066554,0.9650843468026677,0.6344501073076523,0.6790110804611165,0.777345661187485,0.7925897631779985,0.8090539104900735,"{'n_estimators': [100], 'max_depth': [10]}","['wav_detail_lvl5_std', 'spec_skew', 'mfcc_var', 'wav_detail_lvl3_std']",0.6919642857142857,0.6485355648535565,0.7416267942583732,0.7841550990788638,0.6527415143603134,0.5639097744360902,0.7747933884297521,0.6322036121918093,0.5695652173913044,0.7298050139275766,0.46702317290552586,0.6800933832484102,0.9650843468026677,0.9919354838709677,0.9396485867074102,0.9962205789919126,0.6235294117647059,0.4608695652173913,0.9636363636363636,0.9525968789393715
RF,0.7005247134432929,0.9707602339181286,0.632965833324584,0.6828163072837221,0.755432419161662,0.7914438502673797,0.8064143104392242,"{'n_estimators': [100], 'max_depth': [10]}","['mfcc_mean', 'wav_approx_std', 'mfcc_1', 'NDSI', 'spec_kurtosis', 'mfcc_var']",0.6731707317073171,0.6865671641791045,0.6602870813397129,0.8038747274301687,0.6296296296296297,0.5492307692307692,0.737603305785124,0.6199113455382352,0.5793814432989691,0.687041564792176,0.5008912655971479,0.6664967932389487,0.9707602339181286,0.9912420382165605,0.9511077158135982,0.9981487702541214,0.6496815286624203,0.5,0.9272727272727272,0.9436399157346469
RF,0.700472770892996,0.964622641509434,0.6344353032388865,0.6844526250441776,0.7707011451818657,0.7914438502673797,0.8059076935506365,"{'n_estimators': [100], 'max_depth': [10]}","['wav_approx_std', 'mfcc_1', 'spec_kurtosis', 'mfcc_var', 'wav_detail_lvl3_std']",0.7375886524822695,0.7289719626168224,0.7464114832535885,0.844361683328873,0.6363636363636364,0.5439882697947214,0.7665289256198347,0.578585339711192,0.5741935483870968,0.7235772357723578,0.47593582887700536,0.6810221731988999,0.964622641509434,0.9935222672064777,0.9373567608861727,0.9960903260948158,0.5895953757225434,0.4322033898305085,0.9272727272727272,0.9294789454194017
RF,0.7002839575826508,0.9733542319749217,0.6320163889845831,0.683956051217207,0.7603856140107196,0.7956455309396486,0.7928786124350221,"{'n_estimators': [100], 'max_depth': [10]}","['mfcc_mean', 'wav_approx_std', 'mfcc_1', 'NDSI', 'mfcc_var', 'wav_detail_lvl4_std']",0.6732186732186732,0.6919191919191919,0.6555023923444976,0.7721974694536387,0.6499133448873483,0.5597014925373134,0.7747933884297521,0.5918776487758486,0.5791666666666667,0.6967418546365914,0.49554367201426025,0.6865947398952645,0.9733542319749217,0.999195494770716,0.9488158899923606,0.9981125639883075,0.6257668711656442,0.4722222222222222,0.9272727272727272,0.9156106400620513
RF,0.7002433034703168,0.9715399610136453,0.6324191390844848,0.683604224967477,0.7572494434920554,0.7998472116119175,0.8038023566813222,"{'n_estimators': [100], 'max_depth': [10]}","['mfcc_mean', 'mfcc_1', 'NDSI', 'spec_kurtosis', 'mfcc_var', 'wav_detail_lvl4_std']",0.6666666666666666,0.6731707317073171,0.6602870813397129,0.8077495677724559,0.6537102473498233,0.5709876543209876,0.7644628099173554,0.61020617021497,0.6043613707165109,0.7238805970149254,0.5187165775401069,0.6835066459043794,0.9715399610136453,0.9920382165605095,0.9518716577540107,0.9982267560533499,0.6049382716049383,0.45794392523364486,0.8909090909090909,0.9193226434614552
RF,0.7001192263085858,0.9639780736100235,0.6341545144832264,0.673960288166525,0.7699623511866687,0.7872421695951107,0.7917219892804166,"{'n_estimators': [100], 'max_depth': [10]}","['mfcc_mean', 'wav_detail_lvl5_std', 'mfcc_var', 'wav_detail_lvl3_std']",0.6859688195991092,0.6416666666666667,0.7368421052631579,0.727706537746792,0.6235399820305481,0.5516693163751988,0.7169421487603306,0.5986174612326071,0.5768025078369906,0.696969696969697,0.4919786096256685,0.6941186421829266,0.9639780736100235,0.9887550200803212,0.9404125286478228,0.9961370130737116,0.6503067484662577,0.49074074074074076,0.9636363636363636,0.9420302921660454
RF,0.7000639579620482,0.9666797334378675,0.6334100140930935,0.6743011594639949,0.7755110430427065,0.7918258212375859,0.8102972075923643,"{'n_estimators': [100], 'max_depth': [10]}","['wav_detail_lvl5_std', 'spec_kurtosis', 'mfcc_var', 'wav_detail_lvl4_std']",0.7013574660633484,0.6652360515021459,0.7416267942583732,0.8095509019352055,0.6529884032114184,0.5745682888540031,0.756198347107438,0.6217912317575082,0.5594111461619348,0.6820512820512821,0.4741532976827095,0.6635833043283695,0.9666797334378675,0.9927536231884058,0.9419404125286478,0.9962968995857346,0.6198830409356725,0.45689655172413796,0.9636363636363636,0.9602637003550033
RF,0.7000228394811809,0.9721677773422187,0.6319866050159215,0.6836493870922158,0.7607145842242944,0.7941176470588235,0.7992517239259003,"{'n_estimators': [100], 'max_depth': [10]}","['mfcc_mean', 'wav_approx_std', 'spec_skew', 'mfcc_1', 'NDSI', 'mfcc_var', 'wav_detail_lvl4_std']",0.687960687960688,0.7070707070707071,0.6698564593301436,0.7827622034292109,0.63881636205396,0.5518796992481203,0.7582644628099173,0.610568743564262,0.58298755186722,0.6972704714640199,0.5008912655971479,0.6781776031194872,0.9721677773422187,0.998389694041868,0.9472880061115355,0.9981105151316666,0.6181818181818182,0.4636363636363636,0.9272727272727272,0.9266395543848746
RF,0.6999700081926967,0.9663799843627834,0.6333675141501751,0.6756911580687706,0.7669544059468067,0.7883880825057296,0.7787414035457789,"{'n_estimators': [100], 'max_depth': [10]}","['mfcc_mean', 'wav_detail_lvl5_std', 'mfcc_var', 'wav_detail_lvl4_std']",0.680365296803653,0.6506550218340611,0.7129186602870813,0.6986273726123291,0.6200716845878136,0.5474683544303798,0.7148760330578512,0.5743274385537633,0.5827263267429761,0.7,0.49910873440285203,0.6815057719869881,0.9663799843627834,0.9895916733386709,0.9442322383498855,0.9956895915717117,0.6503067484662577,0.49074074074074076,0.9636363636363636,0.9435568430041021
RF,0.6999166068599315,0.9697208022021234,0.6324655580243834,0.6705448753338066,0.7640772568270456,0.787624140565317,0.7896677073668092,"{'n_estimators': [100], 'max_depth': [10]}","['mfcc_mean', 'wav_detail_lvl5_std', 'wav_approx_std', 'spec_skew', 'spec_kurtosis', 'wav_detail_lvl3_std', 'wav_detail_lvl4_std']",0.6442953020134228,0.6050420168067226,0.6889952153110048,0.747039323912466,0.6381039197812215,0.5709624796084829,0.7231404958677686,0.6267090035597261,0.56797583081571,0.6527777777777778,0.5026737967914439,0.6375432077292811,0.9697208022021234,0.9991896272285251,0.9419404125286478,0.9961451158345213,0.6794871794871795,0.5247524752475248,0.9636363636363636,0.9409018857980517
RF,0.6998429360716751,0.9697445972495088,0.6323675207772168,0.6732078399404807,0.772695277327982,0.7910618792971734,0.8013356398737278,"{'n_estimators': [100], 'max_depth': [10]}","['wav_detail_lvl5_std', 'wav_approx_std', 'mfcc_1', 'mfcc_var', 'wav_detail_lvl3_std', 'wav_detail_lvl4_std']",0.7004405286343612,0.6489795918367347,0.7607655502392344,0.7688850799720935,0.6258992805755396,0.554140127388535,0.71900826446281,0.605256706895076,0.5803757828810021,0.7002518891687658,0.49554367201426025,0.7007166981887513,0.9697445972495088,0.9983818770226537,0.9427043544690603,0.997072258615372,0.6227544910179641,0.4642857142857143,0.9454545454545454,0.9347474556973462
RF,0.6998091531942594,0.969315499606609,0.632432566591172,0.6717990649141925,0.7566962618018064,0.7807486631016043,0.7703435384175349,"{'n_estimators': [100], 'max_depth': [10]}","['mfcc_mean', 'wav_detail_lvl5_std', 'wav_approx_std', 'spec_skew']",0.6514806378132119,0.6217391304347826,0.6842105263157895,0.7003817280047681,0.6159420289855072,0.5483870967741935,0.7024793388429752,0.5739037537664826,0.5508982035928144,0.6258503401360545,0.4919786096256685,0.6241080722509327,0.969315499606609,0.9991889699918897,0.9411764705882353,0.9955777049131628,0.7114093959731543,0.5638297872340425,0.9636363636363636,0.9577464331523284
RF,0.6997460517844454,0.9610696028313016,0.6344151640227313,0.6804905687300777,0.7608544818536375,0.7868601986249045,0.7874149118564268,"{'n_estimators': [100], 'max_depth': [10]}","['mfcc_mean', 'spec_kurtosis', 'mfcc_var', 'wav_detail_lvl4_std']",0.6650717703349283,0.6650717703349283,0.6650717703349283,0.7277586282567485,0.648323301805675,0.5552282768777614,0.7789256198347108,0.6054336530962051,0.5660377358490566,0.6870229007633588,0.48128342245989303,0.6684784972029091,0.9610696028313016,0.9902755267423015,0.93353705118411,0.9964361647078074,0.6582278481012658,0.5048543689320388,0.9454545454545454,0.9389676160184637
RF,0.6997372698631756,0.9705304518664047,0.6320389743623683,0.6729654116831563,0.7731005198947782,0.7956455309396486,0.7989042614189871,"{'n_estimators': [100], 'max_depth': [10]}","['wav_detail_lvl5_std', 'spec_skew', 'NDSI', 'wav_detail_lvl3_std', 'wav_detail_lvl4_std']",0.6756152125279642,0.634453781512605,0.722488038277512,0.7352822282439653,0.6618705035971223,0.5859872611464968,0.7603305785123967,0.694088443852584,0.5752855659397715,0.6890547263681592,0.49376114081996436,0.6451976463479516,0.9705304518664047,0.9991909385113269,0.9434682964094728,0.9961384862299563,0.6153846153846154,0.45614035087719296,0.9454545454545454,0.9238145024204784
RF,0.6996890854576377,0.9713388299960738,0.6317766493230287,0.67242566419582,0.7721493695346777,0.7956455309396486,0.7954469924670796,"{'n_estimators': [100], 'max_depth': [10]}","['wav_detail_lvl5_std', 'NDSI', 'spec_kurtosis', 'wav_detail_lvl3_std']",0.6521739130434783,0.5976095617529881,0.7177033492822966,0.7532731902453416,0.6642664266426642,0.5885167464114832,0.762396694214876,0.6736233686639964,0.5765199161425576,0.6997455470737913,0.49019607843137253,0.6302905094620498,0.9713388299960738,0.9991922455573505,0.944996180290298,0.9952048542621287,0.6341463414634146,0.47706422018348627,0.9454545454545454,0.9248430397018816
RF,0.6995749305685253,0.9705304518664047,0.6318360502440554,0.6714349538955189,0.7562894596725163,0.7868601986249045,0.7836510024591583,"{'n_estimators': [100], 'max_depth': [10]}","['mfcc_mean', 'wav_detail_lvl5_std', 'wav_approx_std', 'spec_skew', 'wav_detail_lvl4_std']",0.6009389671361502,0.5898617511520737,0.6124401913875598,0.7031695251497085,0.6358595194085028,0.5752508361204013,0.7107438016528925,0.6030657763578332,0.5800193986420951,0.6361702127659574,0.5329768270944741,0.6490516867503964,0.9705304518664047,0.9991909385113269,0.9434682964094728,0.9957281780516292,0.7105263157894737,0.5567010309278351,0.9818181818181818,0.9672398459862243
RF,0.6994872251134387,0.9717425431711146,0.6314233955990198,0.6775055113183043,0.7645919855545524,0.7902979373567609,0.7986422170006364,"{'n_estimators': [100], 'max_depth': [10]}","['wav_detail_lvl5_std', 'wav_approx_std', 'spec_skew', 'mfcc_1', 'NDSI', 'mfcc_var']",0.6877828054298643,0.6523605150214592,0.7272727272727273,0.7601075129124895,0.6346992153443767,0.5490196078431373,0.7520661157024794,0.6133480828488181,0.5617021276595745,0.6965699208443272,0.47058823529411764,0.672950042667182,0.9717425431711146,0.9991928974979822,0.9457601222307105,0.997753056158161,0.6415094339622641,0.49038461538461536,0.9272727272727272,0.9490523904165314
RF,0.6994844019909118,0.9717425431711146,0.631419866695861,0.6835578145930853,0.7508025289280567,0.7868601986249045,0.8047612590575632,"{'n_estimators': [100], 'max_depth': [10]}","['mfcc_mean', 'wav_approx_std', 'spec_skew', 'mfcc_1', 'NDSI', 'spec_kurtosis']",0.6683291770573566,0.6979166666666666,0.6411483253588517,0.7932346881421672,0.6339362618432386,0.5435745937961596,0.7603305785123967,0.6418838259145065,0.5523613963039015,0.6513317191283293,0.47950089126559714,0.6477193442157825,0.9717425431711146,0.9991928974979822,0.9457601222307105,0.9978005418279388,0.6710526315789473,0.5257731958762887,0.9272727272727272,0.9431678951874211
RF,0.6993919634870623,0.9684791174152876,0.6321201750050062,0.6796181911893846,0.7542079432904087,0.7838044308632544,0.7899749891634154,"{'n_estimators': [100], 'max_depth': [10]}","['mfcc_mean', 'wav_approx_std', 'spec_kurtosis', 'mfcc_var']",0.6618004866180048,0.6732673267326733,0.6507177033492823,0.777900646438021,0.6338514680483592,0.5445103857566765,0.7582644628099173,0.6192922255788906,0.548618219037871,0.6442307692307693,0.47771836007130125,0.6492583807196562,0.9684791174152876,1.0,0.9388846447669977,0.9961335129599297,0.6842105263157895,0.5360824742268041,0.9454545454545454,0.9072901801205796
RF,0.6993181030481677,0.9650569297212407,0.6328833963798994,0.6741523677357801,0.769792809685858,0.7872421695951107,0.8133103531673257,"{'n_estimators': [100], 'max_depth': [10]}","['wav_detail_lvl5_std', 'spec_skew', 'mfcc_1', 'spec_kurtosis', 'mfcc_var', 'wav_detail_lvl4_std']",0.6972477064220184,0.6696035242290749,0.7272727272727273,0.8275570486612739,0.6353149955634427,0.5567651632970451,0.7396694214876033,0.6134897557105327,0.5604166666666667,0.6741854636591479,0.47950089126559714,0.6647628950511288,0.9650569297212407,0.9927302100161551,0.9388846447669977,0.9971286225627634,0.6385542168674698,0.4774774774774775,0.9636363636363636,0.9636134438509302
RF,0.6992562640719048,0.9628761234857366,0.6333512992184469,0.6819103538379608,0.7604684048478025,0.7830404889228418,0.7958514607780227,"{'n_estimators': [100], 'max_depth': [10]}","['spec_skew', 'mfcc_1', 'spec_kurtosis', 'mfcc_var', 'wav_detail_lvl3_std']",0.7080459770114943,0.6814159292035398,0.7368421052631579,0.8197708009794166,0.626916524701874,0.5333333333333333,0.7603305785123967,0.5646308795828254,0.5361050328227571,0.6940509915014165,0.43672014260249553,0.6596897378031518,0.9628761234857366,0.9856,0.9411764705882353,0.9947872621618441,0.6623376623376623,0.5151515151515151,0.9272727272727272,0.9403786233628761
RF,0.6992171900368767,0.9703588143525741,0.6314317839579524,0.677524655935074,0.7692201334644341,0.7975553857906799,0.80947364287393,"{'n_estimators': [100], 'max_depth': [10]}","['wav_detail_lvl5_std', 'spec_skew', 'NDSI', 'mfcc_var', 'wav_detail_lvl4_std']",0.6712962962962963,0.6502242152466368,0.69377990430622,0.786550331126863,0.6523297491039427,0.5759493670886076,0.7520661157024794,0.6431757543663331,0.5939139559286464,0.7219387755102041,0.5044563279857398,0.6713767977934049,0.9703588143525741,0.9912350597609562,0.9503437738731857,0.9975617665275319,0.6081871345029239,0.4482758620689655,0.9454545454545454,0.9487035645555166
RF,0.6990943143018826,0.9713613181639859,0.6310275633363569,0.6796598893814979,0.7608004820022833,0.7922077922077922,0.7978929064933202,"{'n_estimators': [100], 'max_depth': [10]}","['mfcc_mean', 'wav_detail_lvl5_std', 'wav_approx_std', 'mfcc_1', 'NDSI', 'mfcc_var']",0.6825775656324582,0.680952380952381,0.6842105263157895,0.7594238686826968,0.6327782646801051,0.5494672754946728,0.7458677685950413,0.6075419600073086,0.58298755186722,0.6972704714640199,0.5008912655971479,0.6866635359118032,0.9713613181639859,0.9983870967741936,0.9457601222307105,0.997667371818178,0.6257668711656442,0.4722222222222222,0.9272727272727272,0.9381677960466144
RF,0.6988884770583537,0.9598741148701809,0.633642067605397,0.6786950500644615,0.7605280093768695,0.7838044308632544,0.7985945718597198,"{'n_estimators': [100], 'max_depth': [10]}","['mfcc_mean', 'spec_skew', 'mfcc_1', 'spec_kurtosis', 'mfcc_var', 'wav_detail_lvl4_std']",0.6745283018867925,0.6651162790697674,0.6842105263157895,0.7391604284704538,0.6397248495270851,0.5478645066273933,0.768595041322314,0.6312005368015488,0.5578947368421052,0.6812339331619537,0.47237076648841353,0.6764877885362116,0.9598741148701809,0.9894566098945661,0.932009167303285,0.996458221851432,0.6624203821656051,0.5098039215686274,0.9454545454545454,0.9496658836389525
RF,0.6988457248644189,0.9654901960784313,0.6321846070609158,0.6747165275720407,0.7747517310534479,0.7910618792971734,0.8099112263916209,"{'n_estimators': [100], 'max_depth': [10]}","['wav_detail_lvl5_std', 'mfcc_1', 'spec_kurtosis', 'mfcc_var', 'wav_detail_lvl4_std']",0.6997742663656885,0.6623931623931624,0.7416267942583732,0.8123839347487514,0.6375779162956366,0.5602503912363067,0.7396694214876033,0.6079376133851582,0.5786694825765576,0.7098445595854922,0.48841354723707664,0.6735481465666219,0.9654901960784313,0.991941982272361,0.9404125286478228,0.9969218722441529,0.6127167630057804,0.4491525423728814,0.9636363636363636,0.9587645650134204
RF,0.6987176902652091,0.9741379310344828,0.6298626300728908,0.6799568857859828,0.7572338966034434,0.7979373567608862,0.7942710823989395,"{'n_estimators': [100], 'max_depth': [10]}","['mfcc_mean', 'wav_approx_std', 'spec_skew', 'mfcc_1', 'NDSI', 'wav_detail_lvl4_std']",0.6339066339066339,0.6515151515151515,0.6172248803827751,0.7550984732346142,0.654288240495137,0.5718701700154559,0.7644628099173554,0.6186753717545855,0.6016260162601627,0.6997635933806147,0.5276292335115864,0.6705548988377443,0.9741379310344828,1.0,0.9495798319327731,0.9978442915669291,0.6296296296296297,0.4766355140186916,0.9272727272727272,0.9291823766008244
RF,0.6984821328801972,0.967258382642998,0.6312880704394971,0.6759358810413797,0.7713441844767485,0.7868601986249045,0.794534892916014,"{'n_estimators': [100], 'max_depth': [10]}","['wav_approx_std', 'mfcc_1', 'mfcc_var', 'wav_detail_lvl3_std']",0.7289293849658315,0.6956521739130435,0.7655502392344498,0.8128690023885141,0.6172624237140366,0.5339366515837104,0.731404958677686,0.5762468270493589,0.5671957671957671,0.6979166666666666,0.47771836007130125,0.6898998888994706,0.967258382642998,1.0,0.9365928189457601,0.995507450709738,0.611764705882353,0.45217391304347826,0.9454545454545454,0.8981512955329889
RF,0.6984003807246181,0.9685534591194969,0.6308621111258984,0.6758879102608387,0.7653052051616644,0.7899159663865546,0.8067253709640605,"{'n_estimators': [100], 'max_depth': [10]}","['wav_approx_std', 'spec_skew', 'mfcc_1', 'spec_kurtosis', 'wav_detail_lvl3_std', 'wav_detail_lvl4_std']",0.6903073286052009,0.6822429906542056,0.6985645933014354,0.8066347210220115,0.6455584872471416,0.5620214395099541,0.7582644628099173,0.6265186048993785,0.5610766045548654,0.6691358024691358,0.483065953654189,0.6665878964574161,0.9685534591194969,0.9975708502024292,0.9411764705882353,0.9963426342017802,0.6265060240963856,0.46846846846846846,0.9454545454545454,0.9375429982397163
RF,0.6983053242731438,0.96484375,0.6316707178414298,0.6801460131735665,0.7587364741459872,0.7883880825057296,0.8013501860130152,"{'n_estimators': [100], 'max_depth': [10]}","['spec_skew', 'spec_kurtosis', 'mfcc_var', 'wav_detail_lvl3_std']",0.6978922716627635,0.6834862385321101,0.7129186602870813,0.8159233066190157,0.6418685121107266,0.5520833333333334,0.7665289256198347,0.5867168654555176,0.5540106951871657,0.6925133689839572,0.46167557932263814,0.6749160856504443,0.96484375,0.9872102318145484,0.9434682964094728,0.9932378155515236,0.6329113924050633,0.4854368932038835,0.9090909090909091,0.9359568567885755
RF,0.6982233580260535,0.9671618451915559,0.630988736234678,0.6728856186158774,0.7687221334814918,0.7883880825057296,0.7778884720567912,"{'n_estimators': [100], 'max_depth': [10]}","['mfcc_mean', 'wav_detail_lvl5_std', 'mfcc_1', 'wav_detail_lvl4_std']",0.6710816777041942,0.6229508196721312,0.7272727272727273,0.6842832205484134,0.6260089686098654,0.5530903328050714,0.7210743801652892,0.5788414974163495,0.5765575501583949,0.7072538860103627,0.48663101604278075,0.6875444819897736,0.9671618451915559,0.9903923138510808,0.944996180290298,0.9958107797910627,0.6503067484662577,0.49074074074074076,0.9636363636363636,0.9429623805383568
RF,0.6982222492917789,0.968885387948011,0.6305564646277209,0.6781963406963408,0.764255826732607,0.7914438502673797,0.799000164593324,"{'n_estimators': [100], 'max_depth': [10]}","['mfcc_mean', 'wav_approx_std', 'spec_skew', 'mfcc_1', 'wav_detail_lvl3_std']",0.6870588235294117,0.6759259259259259,0.6985645933014354,0.7896969416520955,0.6470588235294118,0.5565476190476191,0.7727272727272727,0.5977932953986498,0.5699263932702419,0.6948717948717948,0.483065953654189,0.680091377896419,0.968885387948011,1.0,0.9396485867074102,0.9967348621004597,0.6181818181818182,0.4636363636363636,0.9272727272727272,0.9306843459189961
RF,0.6981075364263668,0.973735789886319,0.6292004730613787,0.6767009408129226,0.7679246974997045,0.7952635599694423,0.8058553538648751,"{'n_estimators': [100], 'max_depth': [10]}","['wav_approx_std', 'mfcc_1', 'NDSI', 'mfcc_var', 'wav_detail_lvl3_std']",0.6974595842956121,0.6741071428571429,0.722488038277512,0.7917590883792452,0.6455026455026455,0.563076923076923,0.756198347107438,0.6228053851254125,0.5738396624472574,0.7028423772609819,0.48484848484848486,0.6962501133861002,0.973735789886319,1.0,0.9488158899923606,0.9980847894222418,0.6,0.4434782608695652,0.9272727272727272,0.9203773930113759
RF,0.698050960811407,0.9598425196850394,0.632603071092999,0.6760321480056539,0.7611949294724415,0.7849503437738732,0.7957734214015189,"{'n_estimators': [100], 'max_depth': [10]}","['mfcc_mean', 'spec_skew', 'spec_kurtosis', 'mfcc_var', 'wav_detail_lvl4_std']",0.6634382566585957,0.6715686274509803,0.6555023923444976,0.7268856861268688,0.6444249341527656,0.5603053435114503,0.7582644628099173,0.6441671061763119,0.5682281059063137,0.66270783847981,0.49732620320855614,0.6695042301454815,0.9598425196850394,0.9902518277822908,0.9312452253628725,0.995846644997975,0.654320987654321,0.4953271028037383,0.9636363636363636,0.9424634395609564
RF,0.6979807357557785,0.9709803921568627,0.6297308216555073,0.6741523984853866,0.7661158365042408,0.7891520244461421,0.7833026595512188,"{'n_estimators': [100], 'max_depth': [10]}","['mfcc_mean', 'wav_detail_lvl5_std', 'wav_approx_std', 'mfcc_var']",0.6743119266055045,0.6475770925110133,0.7033492822966507,0.7232659406383091,0.6179875333926982,0.543035993740219,0.7169421487603306,0.5790826042499727,0.5841995841995842,0.7007481296758105,0.5008912655971479,0.6725614818411427,0.9709803921568627,0.9975825946817083,0.9457601222307105,0.9965109869477146,0.6424242424242425,0.4818181818181818,0.9636363636363636,0.9450922840789548
RF,0.6979588779183108,0.9737563650607128,0.6290095061327102,0.6830485216024409,0.7546283306711115,0.7922077922077922,0.7872358562823762,"{'n_estimators': [100], 'max_depth': [10]}","['mfcc_mean', 'wav_approx_std', 'NDSI', 'mfcc_var']",0.6633416458852868,0.6927083333333334,0.6363636363636364,0.7466787002251116,0.646603611349957,0.5537555228276878,0.7768595041322314,0.6050192616707066,0.5645833333333333,0.6791979949874687,0.483065953654189,0.6700000467483637,0.9737563650607128,0.9991961414790996,0.9495798319327731,0.9980119731927284,0.6415094339622641,0.49038461538461536,0.9272727272727272,0.9164692995749711
RF,0.6978321030779085,0.9716063788409179,0.6293885341371561,0.6822186171312139,0.7541702091885035,0.7918258212375859,0.8043804447102298,"{'n_estimators': [100], 'max_depth': [10]}","['mfcc_mean', 'spec_skew', 'NDSI', 'spec_kurtosis', 'mfcc_var']",0.6732673267326733,0.6974358974358974,0.6507177033492823,0.7728968348463979,0.6380368098159509,0.5540334855403348,0.7520661157024794,0.6419342332896902,0.56875,0.6842105263157895,0.48663101604278075,0.664437873955034,0.9716063788409179,0.9896988906497622,0.9541634835752483,0.9975485609410631,0.6375,0.4857142857142857,0.9272727272727272,0.9450847205189634
RF,0.6977431061980942,0.9719407638347622,0.6291936917889273,0.6822728987368489,0.7594049781722172,0.7975553857906799,0.8048642370343998,"{'n_estimators': [100], 'max_depth': [10]}","['mfcc_mean', 'spec_skew', 'mfcc_1', 'NDSI', 'spec_kurtosis', 'mfcc_var', 'wav_detail_lvl4_std']",0.6617283950617284,0.6836734693877551,0.6411483253588517,0.78688331028159,0.658493870402802,0.5714285714285714,0.7768595041322314,0.6290102503516555,0.5857740585774058,0.7088607594936709,0.49910873440285203,0.6828097202654968,0.9719407638347622,0.9920445505171042,0.9526355996944232,0.9979205517706551,0.6107784431137725,0.45535714285714285,0.9272727272727272,0.9276973525026018
RF,0.6975043497414406,0.9697920753236563,0.6294324183458867,0.6792051960180733,0.7658297055229226,0.7937356760886173,0.7964642065661616,"{'n_estimators': [100], 'max_depth': [10]}","['mfcc_mean', 'wav_detail_lvl5_std', 'NDSI', 'mfcc_var']",0.6758620689655173,0.6504424778761062,0.7033492822966507,0.7454633359248668,0.6476683937823834,0.5563798219584569,0.7747933884297521,0.6142347954220333,0.5797413793103449,0.7329700272479565,0.47950089126559714,0.692835409163038,0.9697920753236563,0.9967741935483871,0.9442322383498855,0.9979210096653248,0.6144578313253012,0.4594594594594595,0.9272727272727272,0.9318664826555447
RF,0.697485424722712,0.9629051151893792,0.6311305021060453,0.6805111001231527,0.7671542979958403,0.7880061115355232,0.7934219935398131,"{'n_estimators': [100], 'max_depth': [10]}","['spec_skew', 'mfcc_var', 'wav_detail_lvl3_std']",0.708803611738149,0.6709401709401709,0.7511961722488039,0.8150543608052605,0.6432848588537211,0.5489051094890511,0.7768595041322314,0.5535662069435654,0.5466666666666666,0.7256637168141593,0.4385026737967914,0.6680188919224405,0.9629051151893792,0.9848242811501597,0.9419404125286478,0.9939201625916968,0.6257668711656442,0.4722222222222222,0.9272727272727272,0.9365503454361024
RF,0.6974564281725006,0.964622641509434,0.6306648748382674,0.6819878117621351,0.7702021217360367,0.7925897631779985,0.7951834126957008,"{'n_estimators': [100], 'max_depth': [10]}","['wav_approx_std', 'spec_skew', 'mfcc_var', 'wav_detail_lvl3_std']",0.7165532879818595,0.6810344827586207,0.7559808612440191,0.794997292901851,0.6473594548551959,0.5507246376811594,0.7851239669421488,0.5900357186437987,0.5739514348785872,0.7536231884057971,0.46345811051693403,0.6801301467386597,0.964622641509434,0.9935222672064777,0.9373567608861727,0.9957684139684888,0.5847953216374269,0.43103448275862066,0.9090909090909091,0.9149854912257058
RF,0.6973445612926872,0.9661417322834646,0.6301452685449929,0.6812007212650483,0.7679434244337143,0.7914438502673797,0.799189300149601,"{'n_estimators': [100], 'max_depth': [10]}","['wav_approx_std', 'spec_skew', 'mfcc_1', 'spec_kurtosis', 'wav_detail_lvl3_std']",0.6987951807228916,0.7038834951456311,0.69377990430622,0.8086641716404926,0.6507258753202391,0.5545851528384279,0.7871900826446281,0.6065464504654882,0.5699039487726788,0.7101063829787234,0.47593582887700536,0.6698721528347258,0.9661417322834646,0.9967506092607636,0.9373567608861727,0.9958566848301569,0.6011560693641619,0.4406779661016949,0.9454545454545454,0.9150070409771415
RF,0.6973335144343881,0.970714564623194,0.6289882518871865,0.6780770230134666,0.7552586985207306,0.7899159663865546,0.7986620111466649,"{'n_estimators': [100], 'max_depth': [10]}","['mfcc_mean', 'spec_skew', 'mfcc_1', 'NDSI', 'spec_kurtosis']",0.6551724137931034,0.6751269035532995,0.6363636363636364,0.7665266008230927,0.6472663139329806,0.5646153846153846,0.7582644628099173,0.6418510231658838,0.5594262295081968,0.6578313253012048,0.48663101604278075,0.6404803796502162,0.970714564623194,0.9928115015974441,0.9495798319327731,0.9974975991743404,0.6540880503144654,0.5,0.9454545454545454,0.9469544529197915
RF,0.6973212774167048,0.969315499606609,0.6293227218692287,0.669112016252327,0.7593373930694505,0.7799847211611918,0.7715242930026802,"{'n_estimators': [100], 'max_depth': [10]}","['mfcc_mean', 'wav_detail_lvl5_std', 'wav_approx_std', 'spec_kurtosis']",0.6284403669724771,0.6035242290748899,0.6555023923444976,0.7031554852688968,0.6224215246636772,0.5499207606973059,0.7169421487603306,0.5825799531427179,0.5474747474747474,0.6317016317016317,0.483065953654189,0.6136668848789781,0.969315499606609,0.9991889699918897,0.9411764705882353,0.9955748257420431,0.7189542483660131,0.5612244897959183,1.0,0.9626443159807653
RF,0.6970204336460709,0.9705304518664047,0.6286429290909874,0.6697839021293883,0.7678684923295112,0.7941176470588235,0.7942317206655292,"{'n_estimators': [100], 'max_depth': [10]}","['wav_detail_lvl5_std', 'spec_skew', 'NDSI', 'spec_kurtosis', 'wav_detail_lvl3_std']",0.62882096069869,0.5783132530120482,0.6889952153110048,0.7638817245123506,0.672645739910314,0.5942947702060222,0.7747933884297521,0.6651606122621548,0.5711297071129707,0.6911392405063291,0.48663101604278075,0.6275684450625054,0.9705304518664047,0.9991909385113269,0.9434682964094728,0.994905522771402,0.6419753086419753,0.48598130841121495,0.9454545454545454,0.9196422987192328
RF,0.6965374480189919,0.9719844357976654,0.6276757010743235,0.6814643751429912,0.7547269729988558,0.7967914438502673,0.7916684063541688,"{'n_estimators': [100], 'max_depth': [10]}","['mfcc_mean', 'mfcc_1', 'NDSI', 'mfcc_var', 'wav_detail_lvl4_std']",0.6603325415676959,0.6556603773584906,0.6650717703349283,0.7538453055284774,0.6539130434782608,0.5645645645645646,0.7768595041322314,0.5940072215537903,0.5839572192513369,0.7299465240641712,0.48663101604278075,0.7097989585883445,0.9719844357976654,0.9904837430610627,0.9541634835752483,0.9982049101711423,0.6125,0.4666666666666667,0.8909090909090909,0.9024856359290897
RF,0.6965039021409444,0.9689831173930114,0.6283840983279276,0.6673095620813183,0.7629490108353041,0.7880061115355232,0.7839085112934978,"{'n_estimators': [100], 'max_depth': [10]}","['mfcc_mean', 'wav_detail_lvl5_std', 'spec_kurtosis', 'wav_detail_lvl3_std', 'wav_detail_lvl4_std']",0.6620370370370371,0.6412556053811659,0.6842105263157895,0.7253841480577727,0.6317757009345795,0.5767918088737202,0.6983471074380165,0.6471841772842162,0.5772994129158513,0.6399132321041214,0.5258467023172906,0.6214836470762154,0.9689831173930114,0.9967689822294022,0.9427043544690603,0.9959217326984561,0.6424242424242425,0.4818181818181818,0.9636363636363636,0.9295688513508286
RF,0.6964302405779974,0.9644114196323818,0.6294349458144013,0.6812564466686493,0.7576612532790411,0.7815126050420168,0.7966456898363443,"{'n_estimators': [100], 'max_depth': [10]}","['spec_skew', 'mfcc_1', 'spec_kurtosis', 'wav_detail_lvl3_std']",0.6894977168949772,0.6593886462882096,0.722488038277512,0.807926716606591,0.6343096234309623,0.5330520393811533,0.7830578512396694,0.5838637453987581,0.5184357541899441,0.6946107784431138,0.41354723707664887,0.6624414776255826,0.9644114196323818,0.9879807692307693,0.9419404125286478,0.9943421600421941,0.6754966887417219,0.53125,0.9272727272727272,0.9346543495085957
RF,0.6962233737222923,0.970125786163522,0.6277477706119847,0.666458341752495,0.756648658593494,0.7834224598930482,0.7883947424515534,"{'n_estimators': [100], 'max_depth': [10]}","['mfcc_mean', 'wav_detail_lvl5_std', 'wav_approx_std', 'spec_kurtosis', 'wav_detail_lvl3_std', 'wav_detail_lvl4_std']",0.6415929203539823,0.5967078189300411,0.69377990430622,0.7346721094531811,0.6243093922651933,0.5631229235880398,0.7004132231404959,0.6044777538778799,0.5608782435129741,0.63718820861678,0.5008912655971479,0.6555917002857761,0.970125786163522,0.9991902834008097,0.9427043544690603,0.9961596056381209,0.6842105263157895,0.5360824742268041,0.9454545454545454,0.9510725430028089
RF,0.6961287988699809,0.9646781789638933,0.6289914538465029,0.6720397635670158,0.7669974766766211,0.7841864018334607,0.7957750715221311,"{'n_estimators': [100], 'max_depth': [10]}","['wav_detail_lvl5_std', 'spec_skew', 'mfcc_1', 'mfcc_var']",0.6877828054298643,0.6523605150214592,0.7272727272727273,0.7666420212514826,0.6298245614035087,0.5472560975609756,0.7417355371900827,0.5963038733852812,0.5520169851380042,0.6824146981627297,0.46345811051693403,0.6570721204054469,0.9646781789638933,0.9919289749798225,0.9388846447669977,0.9960945018148954,0.6463414634146342,0.48623853211009177,0.9636363636363636,0.9627628407535496
RF,0.6961254682754736,0.9699336196798126,0.6276734304243888,0.6765817642667846,0.758787732578895,0.7956455309396486,0.80454353148414,"{'n_estimators': [100], 'max_depth': [10]}","['mfcc_mean', 'spec_skew', 'mfcc_1', 'NDSI', 'spec_kurtosis', 'wav_detail_lvl4_std']",0.6490384615384616,0.6521739130434783,0.645933014354067,0.785233760740555,0.6542222222222223,0.5741029641185648,0.7603305785123967,0.6484846063289976,0.5929752066115702,0.7051597051597052,0.5115864527629234,0.664149377122544,0.9699336196798126,0.9920127795527156,0.9488158899923606,0.9976392225230328,0.6144578313253012,0.4594594594594595,0.9272727272727272,0.927210690705571
RF,0.6959549621894177,0.9713163064833006,0.6271146261159469,0.672840473200554,0.7624342821077975,0.7895339954163484,0.8004541223011905,"{'n_estimators': [100], 'max_depth': [10]}","['wav_approx_std', 'spec_skew', 'mfcc_1', 'wav_detail_lvl3_std', 'wav_detail_lvl4_std']",0.6890380313199105,0.6470588235294118,0.7368421052631579,0.7931710086164636,0.6433566433566433,0.5575757575757576,0.7603305785123967,0.6025151537255411,0.551063829787234,0.683377308707124,0.46167557932263814,0.68409984289972,0.9713163064833006,1.0,0.9442322383498855,0.9967953287875332,0.625,0.47619047619047616,0.9090909090909091,0.9256892774766948
RF,0.6957922628720841,0.9678178963893249,0.6277858544927738,0.6695522283480514,0.7593538903164572,0.7807486631016043,0.8011705345477464,"{'n_estimators': [100], 'max_depth': [10]}","['wav_approx_std', 'spec_skew', 'mfcc_1', 'spec_kurtosis', 'mfcc_var', 'wav_detail_lvl4_std']",0.6862302483069977,0.6495726495726496,0.7272727272727273,0.7942542658614707,0.6247787610619469,0.5464396284829721,0.7293388429752066,0.6245410503171478,0.5291666666666667,0.6365914786967418,0.45276292335115864,0.6499322715108012,0.9678178963893249,0.9951573849878934,0.9419404125286478,0.9973078739892332,0.6709677419354839,0.52,0.9454545454545454,0.9398172110600795
RF,0.6955798459292637,0.9610696028313016,0.6292074067037542,0.6767269656664127,0.755629789105725,0.7822765469824293,0.7779661167958413,"{'n_estimators': [100], 'max_depth': [10]}","['mfcc_mean', 'mfcc_1', 'spec_kurtosis', 'wav_detail_lvl4_std']",0.6519607843137255,0.6683417085427136,0.6363636363636364,0.6974043760033315,0.6326707000864304,0.5438335809806835,0.756198347107438,0.5969733068096775,0.5655314757481941,0.6715686274509803,0.48841354723707664,0.6628416314373655,0.9610696028313016,0.9902755267423015,0.93353705118411,0.9963125533251749,0.6666666666666666,0.5096153846153846,0.9636363636363636,0.9362987164036565
RF,0.6954034232441026,0.9713163064833006,0.6264252024343031,0.6649453659115974,0.7524092072670738,0.7857142857142857,0.7803401058122722,"{'n_estimators': [100], 'max_depth': [10]}","['mfcc_mean', 'wav_detail_lvl5_std', 'wav_approx_std', 'wav_detail_lvl3_std', 'wav_detail_lvl4_std']",0.5925925925925926,0.544,0.6507177033492823,0.7023916334787449,0.6231060606060606,0.5751748251748252,0.6797520661157025,0.5936973181861682,0.5920155793573515,0.6523605150214592,0.5418894830659536,0.6601999463937995,0.9713163064833006,1.0,0.9442322383498855,0.9963045999156668,0.697986577181208,0.5531914893617021,0.9454545454545454,0.9491070310869814
RF,0.6952961390738019,0.970335675253708,0.6265362550288255,0.6776729061370735,0.7567868991876873,0.7971734148204737,0.8024205024547966,"{'n_estimators': [100], 'max_depth': [10]}","['mfcc_mean', 'spec_skew', 'mfcc_1', 'NDSI', 'wav_detail_lvl4_std']",0.656934306569343,0.6683168316831684,0.645933014354067,0.7709698445621341,0.655417406749556,0.5747663551401869,0.762396694214876,0.6434115412593672,0.5985552115583075,0.7107843137254902,0.5169340463458111,0.6819447595187766,0.970335675253708,0.9920191540303273,0.9495798319327731,0.997942580457178,0.5952380952380952,0.4424778761061947,0.9090909090909091,0.9178337864765269
RF,0.6951448538266505,0.9684791174152876,0.6268112879294913,0.6635206276709527,0.7643231681537339,0.7822765469824293,0.767761050441359,"{'n_estimators': [100], 'max_depth': [10]}","['mfcc_mean', 'wav_approx_std', 'wav_detail_lvl3_std']",0.636,0.5463917525773195,0.7607655502392344,0.7173630474225106,0.611214953271028,0.5580204778156996,0.6756198347107438,0.5653004110194264,0.5758196721311475,0.6771084337349398,0.5008912655971479,0.6651539220506559,0.9684791174152876,1.0,0.9388846447669977,0.995866955281517,0.6842105263157895,0.5360824742268041,0.9454545454545454,0.8951209164326853
RF,0.6951346671462117,0.971875,0.6259495839327647,0.6741204679734767,0.7532331314430949,0.7864782276546982,0.7917115796050348,"{'n_estimators': [100], 'max_depth': [10]}","['wav_approx_std', 'spec_skew', 'mfcc_1', 'NDSI', 'spec_kurtosis', 'mfcc_var']",0.6843373493975904,0.6893203883495146,0.6794258373205742,0.7973908997297908,0.6293333333333333,0.5522620904836193,0.731404958677686,0.6144673780867328,0.548618219037871,0.6442307692307693,0.47771836007130125,0.6160962541597497,0.971875,0.9944044764188649,0.9503437738731857,0.9981888528408395,0.6415094339622641,0.49038461538461536,0.9272727272727272,0.9324145132080617
RF,0.6950170075098431,0.9721240675304279,0.6257402425046968,0.6732731605712033,0.7669587434799932,0.7918258212375859,0.8047621897337539,"{'n_estimators': [100], 'max_depth': [10]}","['wav_approx_std', 'NDSI', 'mfcc_var', 'wav_detail_lvl3_std']",0.6845637583892618,0.6428571428571429,0.7320574162679426,0.791031479144646,0.6457242582897034,0.5589123867069486,0.7644628099173554,0.623406280416567,0.5618945102260495,0.7092391304347826,0.46524064171123,0.7081692254107215,0.9721240675304279,1.0,0.9457601222307105,0.9974884356701307,0.6107784431137725,0.45535714285714285,0.9272727272727272,0.9037155280267037
RF,0.6950015022135005,0.9706227967097533,0.6260961785894372,0.6644455882065031,0.7589218671374598,0.787624140565317,0.7758896725142224,"{'n_estimators': [100], 'max_depth': [10]}","['mfcc_mean', 'wav_detail_lvl5_std', 'wav_approx_std', 'wav_detail_lvl3_std']",0.603448275862069,0.5490196078431373,0.6698564593301436,0.6675004964623518,0.6123222748815166,0.5656742556917689,0.6673553719008265,0.5892059764292137,0.6091269841269841,0.6868008948545862,0.5472370766488414,0.6687096545283135,0.9706227967097533,0.9959807073954984,0.946524064171123,0.9967362299306484,0.6794871794871795,0.5247524752475248,0.9636363636363636,0.9572960052205846
RF,0.6949576243149036,0.9713388299960738,0.625862322894611,0.6762712727084729,0.7582856265603239,0.7922077922077922,0.7962442010634745,"{'n_estimators': [100], 'max_depth': [10]}","['mfcc_mean', 'wav_detail_lvl5_std', 'wav_approx_std', 'mfcc_1', 'NDSI']",0.6634615384615384,0.6666666666666666,0.6602870813397129,0.7347619622245015,0.6398601398601399,0.5545454545454546,0.756198347107438,0.612202403899255,0.5856697819314641,0.7014925373134329,0.5026737967914439,0.6925013759223739,0.9713388299960738,0.9991922455573505,0.944996180290298,0.9977062019648071,0.6144578313253012,0.4594594594594595,0.9272727272727272,0.9440490613064352
RF,0.6948340948323624,0.9592476489028213,0.6287307063147478,0.6731729950162314,0.7630257461836408,0.7834224598930482,0.7793511418477199,"{'n_estimators': [100], 'max_depth': [10]}","['mfcc_mean', 'mfcc_1', 'wav_detail_lvl4_std']",0.6942528735632184,0.668141592920354,0.722488038277512,0.7176106236826535,0.6197183098591549,0.5398773006134969,0.7272727272727273,0.5564780751041207,0.5744456177402323,0.7046632124352331,0.48484848484848486,0.6952221839815717,0.9592476489028213,0.9847144006436042,0.935064935064935,0.9943866986062853,0.6265060240963856,0.46846846846846846,0.9454545454545454,0.9330581278639686
RF,0.6946821661187368,0.9658689682228325,0.626885465592713,0.6687682073260385,0.7642979105517804,0.7815126050420168,0.7996318562781106,"{'n_estimators': [100], 'max_depth': [10]}","['wav_detail_lvl5_std', 'spec_kurtosis', 'mfcc_var']",0.6954545454545454,0.6623376623376623,0.7320574162679426,0.8222709013934014,0.6235606731620903,0.5457364341085271,0.7272727272727273,0.5825071453571824,0.5382198952879581,0.6522842639593909,0.45811051693404636,0.6357517044618147,0.9658689682228325,0.992741935483871,0.9404125286478228,0.9957234840723382,0.6503067484662577,0.49074074074074076,0.9636363636363636,0.9619060461058166
RF,0.6946578479647343,0.9723412543825477,0.625236996360281,0.6778339918129617,0.7545665939276972,0.7979373567608862,0.7980986351106496,"{'n_estimators': [100], 'max_depth': [10]}","['mfcc_mean', 'spec_skew', 'NDSI', 'mfcc_var', 'wav_detail_lvl4_std']",0.6470588235294118,0.6633165829145728,0.631578947368421,0.7712013578770307,0.6530249110320284,0.5734375,0.7582644628099173,0.6205989880876273,0.6020618556701031,0.7139364303178484,0.5204991087344029,0.6839711833320912,0.9723412543825477,0.9920508744038156,0.9533995416348358,0.9978913393284103,0.5988023952095808,0.44642857142857145,0.9090909090909091,0.9168303069280886
RF,0.6946378764214399,0.9650843468026677,0.6270262588261329,0.6722685735473277,0.771937939160005,0.7899159663865546,0.8141909859941558,"{'n_estimators': [100], 'max_depth': [10]}","['wav_detail_lvl5_std', 'spec_skew', 'mfcc_var', 'wav_detail_lvl3_std', 'wav_detail_lvl4_std']",0.6848072562358276,0.6508620689655172,0.722488038277512,0.7881438579037294,0.6449339207048458,0.5622119815668203,0.756198347107438,0.642724754750239,0.5726495726495726,0.7146666666666667,0.47771836007130125,0.6946282971984901,0.9650843468026677,0.9919354838709677,0.9396485867074102,0.9963268419285274,0.6057142857142858,0.44166666666666665,0.9636363636363636,0.9491311781897933
RF,0.6943218525488961,0.9694596711041503,0.6255373979100824,0.6755982065214197,0.7598495144034125,0.7987012987012987,0.7862551605893249,"{'n_estimators': [100], 'max_depth': [10]}","['mfcc_mean', 'wav_detail_lvl5_std', 'NDSI']",0.6326034063260341,0.6435643564356436,0.6220095693779905,0.6581669611286931,0.6666666666666666,0.5850234009360374,0.7747933884297521,0.6394272777957508,0.6098562628336756,0.7191283292978208,0.5294117647058824,0.7008482199374001,0.9694596711041503,0.9943775100401606,0.9457601222307105,0.99709968845436,0.5930232558139535,0.4358974358974359,0.9272727272727272,0.9357336556304201
RF,0.6942905540985349,0.9658689682228325,0.6263959505674606,0.6678166743718428,0.7610488423294504,0.7784568372803667,0.8002635682550245,"{'n_estimators': [100], 'max_depth': [10]}","['wav_detail_lvl5_std', 'mfcc_1', 'spec_kurtosis']",0.6986301369863014,0.6681222707423581,0.7320574162679426,0.8261622665693287,0.6133333333333333,0.5382215288611545,0.7128099173553719,0.5834907542536015,0.5311203319502075,0.6352357320099256,0.4563279857397504,0.6336937879836809,0.9658689682228325,0.992741935483871,0.9404125286478228,0.9963062000545199,0.6625,0.5047619047619047,0.9636363636363636,0.9616648324139923
RF,0.6942221632439287,0.969363707776905,0.6254367771106846,0.6694179543330521,0.7661439208132144,0.7887700534759359,0.7871172439512367,"{'n_estimators': [100], 'max_depth': [10]}","['mfcc_mean', 'wav_detail_lvl5_std', 'wav_approx_std', 'mfcc_1']",0.6621315192743764,0.6293103448275862,0.6985645933014354,0.739473725732784,0.6261180679785331,0.5520504731861199,0.7231404958677686,0.5821778691720151,0.5862785862785863,0.7032418952618454,0.5026737967914439,0.6763195191407188,0.969363707776905,0.9975747776879548,0.9427043544690603,0.9960803085863956,0.6272189349112426,0.4649122807017544,0.9636363636363636,0.9415347971242702
RF,0.6941367258439696,0.9742388758782201,0.6241111883354069,0.6770032031328501,0.7495251010364999,0.7983193277310925,0.7844696234131068,"{'n_estimators': [100], 'max_depth': [10]}","['mfcc_mean', 'NDSI', 'mfcc_var', 'wav_detail_lvl4_std']",0.628992628992629,0.6464646464646465,0.6124401913875598,0.7499224172402591,0.6595744680851063,0.577639751552795,0.768595041322314,0.5854531148224243,0.5991820040899796,0.7026378896882494,0.5222816399286988,0.6889129983259754,0.9742388758782201,0.9960095770151636,0.9533995416348358,0.9980169801201432,0.6086956521739131,0.46226415094339623,0.8909090909090909,0.9000426065567322
RF,0.694036368065502,0.9733542319749217,0.6242069020881471,0.6724524009718469,0.7654620752172117,0.7937356760886173,0.7918391513575669,"{'n_estimators': [100], 'max_depth': [10]}","['wav_detail_lvl5_std', 'wav_approx_std', 'mfcc_1', 'NDSI', 'mfcc_var', 'wav_detail_lvl4_std']",0.6620689655172414,0.6371681415929203,0.6889952153110048,0.7484724919777214,0.6436781609195402,0.5625965996908809,0.7520661157024794,0.5923684269418403,0.5828933474128828,0.7150259067357513,0.4919786096256685,0.6873002293072067,0.9733542319749217,0.999195494770716,0.9488158899923606,0.9980307555381709,0.6081871345029239,0.4482758620689655,0.9454545454545454,0.9330238530228956
RF,0.6940117274516397,0.9654631083202512,0.6261488822344868,0.6701299932582764,0.7646351050206948,0.7845683728036669,0.7947625483890709,"{'n_estimators': [100], 'max_depth': [10]}","['wav_detail_lvl5_std', 'spec_skew', 'mfcc_1']",0.6820276497695853,0.6577777777777778,0.7081339712918661,0.7765762597633632,0.6301853486319505,0.5500770416024653,0.737603305785124,0.5933497046960445,0.5576519916142557,0.6768447837150128,0.4741532976827095,0.6434834695059128,0.9654631083202512,0.9927360774818402,0.9396485867074102,0.9962086981397703,0.6347305389221557,0.4732142857142857,0.9636363636363636,0.9641946098402635
RF,0.6938636732966443,0.9646504320502749,0.6261669836082366,0.6697453977925045,0.7670519395230906,0.7864782276546982,0.7995714064716808,"{'n_estimators': [100], 'max_depth': [10]}","['wav_detail_lvl5_std', 'spec_skew', 'mfcc_var']",0.6727272727272727,0.6406926406926406,0.7081339712918661,0.7959299299806392,0.6378091872791519,0.5570987654320988,0.7458677685950413,0.5968924896247201,0.5669125395152792,0.6932989690721649,0.47950089126559714,0.6461945874753945,0.9646504320502749,0.9927243330638642,0.9381207028265852,0.9959910620086283,0.6272189349112426,0.4649122807017544,0.9636363636363636,0.9628489632690223
RF,0.6938480242452806,0.9686520376175548,0.625147020902212,0.6660591100100457,0.7547323827312569,0.7868601986249045,0.784286169646248,"{'n_estimators': [100], 'max_depth': [10]}","['mfcc_mean', 'wav_detail_lvl5_std', 'NDSI', 'wav_detail_lvl3_std']",0.6012793176972282,0.5423076923076923,0.6746411483253588,0.688026625653898,0.6508226691042047,0.5836065573770491,0.7355371900826446,0.6289142804217198,0.568486096807415,0.6731707317073171,0.4919786096256685,0.6801987913710696,0.9686520376175548,0.9943684633950121,0.9442322383498855,0.9956791517388401,0.68,0.5368421052631579,0.9272727272727272,0.9286119990457119
RF,0.6937970250792675,0.9705304518664047,0.6246136683824832,0.675215261608751,0.7510959825426473,0.787624140565317,0.8032163692672123,"{'n_estimators': [100], 'max_depth': [10]}","['mfcc_mean', 'wav_approx_std', 'spec_skew', 'mfcc_1', 'NDSI']",0.6534653465346535,0.676923076923077,0.631578947368421,0.7773476748213546,0.6469049694856146,0.5595776772247361,0.7665289256198347,0.646372764588977,0.5565749235474006,0.65,0.48663101604278075,0.651733256308465,0.9705304518664047,0.9991909385113269,0.9434682964094728,0.997941828464933,0.6415094339622641,0.49038461538461536,0.9272727272727272,0.9426863221523316
RF,0.6937536756673623,0.9709119496855346,0.6244641071628193,0.66553305518744,0.7692288450830527,0.7853323147440795,0.7977614549338424,"{'n_estimators': [100], 'max_depth': [10]}","['wav_approx_std', 'mfcc_var', 'wav_detail_lvl3_std', 'wav_detail_lvl4_std']",0.6878980891719745,0.6183206106870229,0.7751196172248804,0.7926905595441933,0.6309204647006256,0.5559055118110237,0.7293388429752066,0.5804630787460516,0.5410010649627263,0.671957671957672,0.45276292335115864,0.6979491582029527,0.9709119496855346,1.0,0.9434682964094728,0.9965236020942038,0.6380368098159509,0.48148148148148145,0.9454545454545454,0.9211808760818113
RF,0.6936696780667044,0.9668769716088328,0.6253678546811724,0.6717513275212882,0.7712921584466758,0.7887700534759359,0.8074786290593803,"{'n_estimators': [100], 'max_depth': [10]}","['wav_approx_std', 'mfcc_var', 'wav_detail_lvl3_std']",0.6948775055679287,0.65,0.7464114832535885,0.8159808576675809,0.6346992153443767,0.5490196078431373,0.7520661157024794,0.5819512360489593,0.5741935483870968,0.7235772357723578,0.47593582887700536,0.7255408429057029,0.9668769716088328,0.9991850040749797,0.9365928189457601,0.9956547776133343,0.5977011494252874,0.4369747899159664,0.9454545454545454,0.9182654310613236
RF,0.693493576774249,0.9658957271658173,0.6253930391763569,0.6685779514184326,0.7698784637822073,0.787624140565317,0.7983089860024345,"{'n_estimators': [100], 'max_depth': [10]}","['wav_detail_lvl5_std', 'spec_skew', 'mfcc_1', 'wav_detail_lvl4_std']",0.6755555555555556,0.6307053941908713,0.7272727272727273,0.7616377948813811,0.6453900709219859,0.5652173913043478,0.7520661157024794,0.6107790885955535,0.5570971184631803,0.6941489361702128,0.46524064171123,0.6621556494843659,0.9658957271658173,0.9919484702093397,0.9411764705882353,0.9961890327046106,0.6235294117647059,0.4608695652173913,0.9636363636363636,0.9607833643462611
RF,0.693488121758372,0.975800156128025,0.6229101131659589,0.669801216885623,0.7626740282890015,0.7906799083269671,0.7702771472120821,"{'n_estimators': [100], 'max_depth': [10]}","['wav_detail_lvl5_std', 'mfcc_1', 'NDSI']",0.6594360086767896,0.6031746031746031,0.7272727272727273,0.6484863723222468,0.6489832007073386,0.5672333848531684,0.7582644628099173,0.6099046993027409,0.5417118093174431,0.6906077348066298,0.44563279857397503,0.6649167465709448,0.975800156128025,0.9976057462090981,0.9549274255156608,0.9981460763824581,0.6415094339622641,0.49038461538461536,0.9272727272727272,0.9299318414820198
RF,0.6934216653164085,0.9725920125293657,0.6236290785131692,0.6691916291098063,0.7660416110767926,0.7914438502673797,0.7737555411754594,"{'n_estimators': [100], 'max_depth': [10]}","['wav_detail_lvl5_std', 'NDSI', 'mfcc_var', 'wav_detail_lvl4_std']",0.672686230248307,0.6367521367521367,0.7129186602870813,0.678743462541012,0.6416443252904379,0.5653543307086614,0.7417355371900827,0.6046307848587754,0.5684210526315789,0.6940874035989717,0.48128342245989303,0.6675007134836609,0.9725920125293657,0.9975903614457832,0.9488158899923606,0.9977460618974615,0.611764705882353,0.45217391304347826,0.9454545454545454,0.9201566830963869
RF,0.6934048684718844,0.9727201870615745,0.6235760388244619,0.6778633391854618,0.749282028600914,0.7979373567608862,0.7840483022154142,"{'n_estimators': [100], 'max_depth': [10]}","['mfcc_mean', 'mfcc_1', 'NDSI', 'wav_detail_lvl4_std']",0.6305418719211823,0.649746192893401,0.6124401913875598,0.7333679152303663,0.6590308370044052,0.5745007680491552,0.7727272727272727,0.5895528989698035,0.5997931747673216,0.7142857142857143,0.5169340463458111,0.6996584374564677,0.9727201870615745,0.9928400954653938,0.9533995416348358,0.9979747521467109,0.6049382716049383,0.45794392523364486,0.8909090909090909,0.8996875072737227
RF,0.693391554744873,0.9709119496855346,0.6240114560097076,0.6687878398690204,0.7654329918135153,0.7937356760886173,0.7897936883626221,"{'n_estimators': [100], 'max_depth': [10]}","['wav_detail_lvl5_std', 'wav_approx_std', 'NDSI', 'spec_kurtosis', 'wav_detail_lvl3_std']",0.647450110864745,0.6033057851239669,0.6985645933014354,0.7351553017603076,0.6654835847382431,0.583203732503888,0.7747933884297521,0.642394040081784,0.5723336853220697,0.7020725388601037,0.483065953654189,0.6522693329225953,0.9709119496855346,1.0,0.9434682964094728,0.9958905333622768,0.6107784431137725,0.45535714285714285,0.9272727272727272,0.9232592336861467
RF,0.693307492938021,0.975,0.6228843661725263,0.6705366861569468,0.763208202811355,0.7944996180290298,0.7793708246567134,"{'n_estimators': [100], 'max_depth': [10]}","['wav_detail_lvl5_std', 'mfcc_1', 'NDSI', 'mfcc_var', 'wav_detail_lvl4_std']",0.6438356164383562,0.6157205240174672,0.6746411483253588,0.7077945257278164,0.6512042818911686,0.5729984301412873,0.7541322314049587,0.592940128392345,0.5774499473129611,0.7061855670103093,0.48841354723707664,0.6739560305605569,0.975,0.9976019184652278,0.9533995416348358,0.9983315688601113,0.6190476190476191,0.46017699115044247,0.9454545454545454,0.9238318697427372
RF,0.6925829187793129,0.9697920753236563,0.6232806296432271,0.6650678570536304,0.7571704419044695,0.7849503437738732,0.7786580972107975,"{'n_estimators': [100], 'max_depth': [10]}","['mfcc_mean', 'wav_approx_std', 'spec_skew', 'spec_kurtosis', 'wav_detail_lvl3_std', 'wav_detail_lvl4_std']",0.6396396396396397,0.6042553191489362,0.6794258373205742,0.709319557860425,0.6499102333931778,0.5746031746031746,0.7479338842975206,0.6217522763163296,0.5411522633744856,0.6399026763990268,0.46880570409982175,0.6283910912570907,0.9697920753236563,0.9967741935483871,0.9442322383498855,0.9958847168497225,0.6624203821656051,0.5098039215686274,0.9454545454545454,0.9379428437704197
RF,0.6924597820527102,0.9692913385826771,0.6232518929202184,0.672444702892464,0.7485945783271987,0.7773109243697479,0.7776161864731439,"{'n_estimators': [100], 'max_depth': [10]}","['mfcc_mean', 'wav_approx_std', 'mfcc_1', 'spec_kurtosis']",0.6535626535626535,0.6717171717171717,0.6363636363636364,0.7564355333828532,0.6169844020797227,0.5313432835820896,0.7355371900826446,0.6108346041945467,0.5341488277268094,0.6238095238095238,0.46702317290552586,0.6241794941247296,0.9692913385826771,1.0,0.9404125286478228,0.9962854005310254,0.6883116883116883,0.5353535353535354,0.9636363636363636,0.9003459001325645
RF,0.6922376795686309,0.9701726844583988,0.6227539283461889,0.6673098738445273,0.7540227817964942,0.7830404889228418,0.7871206370089625,"{'n_estimators': [100], 'max_depth': [10]}","['wav_approx_std', 'spec_skew', 'mfcc_1', 'NDSI', 'spec_kurtosis']",0.6682027649769585,0.6444444444444445,0.69377990430622,0.7774230176570538,0.6425419240953222,0.5608628659476117,0.7520661157024794,0.638002812357674,0.5264248704663212,0.6287128712871287,0.45276292335115864,0.6147861792183149,0.9701726844583988,0.9975786924939467,0.9442322383498855,0.9979292890026064,0.6538461538461539,0.504950495049505,0.9272727272727272,0.9074618868091637
RF,0.6922116834713906,0.9638932496075353,0.6242912919373544,0.6639798158306262,0.7479959134589025,0.7792207792207793,0.7674925930548855,"{'n_estimators': [100], 'max_depth': [10]}","['mfcc_mean', 'wav_detail_lvl5_std', 'spec_kurtosis', 'wav_detail_lvl4_std']",0.6132075471698113,0.6046511627906976,0.6220095693779905,0.6953850649026617,0.6279287722586692,0.5746140651801029,0.6921487603305785,0.6224043884815028,0.5632183908045977,0.6086956521739131,0.5240641711229946,0.5782110720195746,0.9638932496075353,0.9911218724778047,0.9381207028265852,0.9953948148630978,0.6928104575163399,0.5408163265306123,0.9636363636363636,0.9460676250075903
RF,0.6920069611072692,0.9710711493354183,0.622240914050232,0.6686240737654001,0.7630304126870409,0.7960275019098548,0.7865111371869764,"{'n_estimators': [100], 'max_depth': [10]}","['spec_skew', 'NDSI', 'wav_detail_lvl3_std', 'wav_detail_lvl4_std']",0.6467889908256881,0.6211453744493393,0.6746411483253588,0.7302075807847789,0.670863309352518,0.5939490445859873,0.7706611570247934,0.6710566936702926,0.5782881002087683,0.6977329974811083,0.49376114081996436,0.6396575329373667,0.9710711493354183,0.9943955164131305,0.9488158899923606,0.9967912842425737,0.5930232558139535,0.4358974358974359,0.9272727272727272,0.8948425942998706
RF,0.6919701017688636,0.9689098780007871,0.6227351577108827,0.6687993266547124,0.7634863044826455,0.7910618792971734,0.7825070200585543,"{'n_estimators': [100], 'max_depth': [10]}","['wav_detail_lvl5_std', 'wav_approx_std', 'spec_skew', 'NDSI']",0.6334841628959276,0.6008583690987125,0.6698564593301436,0.6788067633933765,0.6596491228070176,0.573170731707317,0.7768595041322314,0.6589606755025221,0.5750528541226215,0.7064935064935065,0.48484848484848486,0.6326794134456839,0.9689098780007871,0.9991883116883117,0.9404125286478228,0.995981586259507,0.6227544910179641,0.4642857142857143,0.9454545454545454,0.9461066616916821
RF,0.6918309336014276,0.969315499606609,0.6224597921001322,0.6718058337129127,0.7644135131216471,0.7941176470588235,0.7928780855140337,"{'n_estimators': [100], 'max_depth': [10]}","['wav_detail_lvl5_std', 'wav_approx_std', 'spec_skew', 'NDSI', 'spec_kurtosis']",0.6210045662100456,0.5938864628820961,0.6507177033492823,0.7165269063106924,0.671280276816609,0.5773809523809523,0.8016528925619835,0.6653533583568856,0.5821697099892589,0.7324324324324324,0.483065953654189,0.6475688688861132,0.969315499606609,0.9991889699918897,0.9411764705882353,0.9953534924283024,0.6153846153846154,0.45614035087719296,0.9454545454545454,0.9395878015881751
RF,0.6917307344325807,0.9671361502347418,0.6228793804820405,0.6693612394283834,0.7636712222949207,0.786096256684492,0.783359563478071,"{'n_estimators': [100], 'max_depth': [10]}","['mfcc_mean', 'wav_detail_lvl5_std', 'mfcc_1', 'mfcc_var', 'wav_detail_lvl4_std']",0.6697038724373576,0.6391304347826087,0.7033492822966507,0.7014934313108452,0.6168888888888889,0.5413416536661466,0.7169421487603306,0.5879161728326581,0.5813953488372093,0.7142857142857143,0.49019607843137253,0.6813538634930374,0.9671361502347418,0.9911788291900562,0.9442322383498855,0.9963742413854958,0.6235294117647059,0.4608695652173913,0.9636363636363636,0.9496601083683187
RF,0.6916620906742158,0.9699336196798126,0.6220942084228166,0.6763544403527129,0.7485940422275913,0.786096256684492,0.8099722941684167,"{'n_estimators': [100], 'max_depth': [10]}","['mfcc_mean', 'wav_approx_std', 'spec_skew', 'mfcc_1', 'NDSI', 'spec_kurtosis', 'mfcc_var']",0.6733668341708543,0.708994708994709,0.6411483253588517,0.8102511320849198,0.624561403508772,0.5426829268292683,0.7355371900826446,0.6411864625983226,0.5646817248459959,0.6658595641646489,0.49019607843137253,0.6568382889833433,0.9699336196798126,0.9920127795527156,0.9488158899923606,0.9980641995329401,0.6257668711656442,0.4722222222222222,0.9272727272727272,0.943521387642557
RF,0.6914370169037031,0.971830985915493,0.6213385246507556,0.6710585219518871,0.7500234787259836,0.7845683728036669,0.7918176689067915,"{'n_estimators': [100], 'max_depth': [10]}","['wav_approx_std', 'spec_skew', 'NDSI', 'spec_kurtosis', 'mfcc_var']",0.6602870813397129,0.6602870813397129,0.6602870813397129,0.7680063114044708,0.6363636363636364,0.5515151515151515,0.7520661157024794,0.646803881749,0.5390218522372529,0.6475,0.46167557932263814,0.6249404184768699,0.971830985915493,0.9959903769045709,0.9488158899923606,0.9979581611661787,0.6496815286624203,0.5,0.9272727272727272,0.9213795717374376
RF,0.6912530083619227,0.970125786163522,0.621534813911523,0.6627593635604982,0.7499889003013123,0.7818945760122231,0.7854880983183725,"{'n_estimators': [100], 'max_depth': [10]}","['mfcc_mean', 'wav_detail_lvl5_std', 'wav_approx_std', 'spec_skew', 'wav_detail_lvl3_std', 'wav_detail_lvl4_std']",0.6112359550561798,0.576271186440678,0.6507177033492823,0.7176508345844069,0.6269477543538039,0.5634266886326195,0.7066115702479339,0.6157036529048705,0.5637450199203188,0.6388261851015802,0.5044563279857398,0.6522513310887155,0.970125786163522,0.9991902834008097,0.9427043544690603,0.9960952704660616,0.6842105263157895,0.5360824742268041,0.9454545454545454,0.9457394025478082
RF,0.6911216213748406,0.9729941291585127,0.6206534944289226,0.6681781141718529,0.7567021223452408,0.7899159663865546,0.801094743560674,"{'n_estimators': [100], 'max_depth': [10]}","['wav_approx_std', 'NDSI', 'spec_kurtosis', 'mfcc_var', 'wav_detail_lvl4_std']",0.6651053864168618,0.6513761467889908,0.6794258373205742,0.7802706208806645,0.6367713004484304,0.5625990491283677,0.7334710743801653,0.6312740330162245,0.5699588477366255,0.6739659367396593,0.49376114081996436,0.6614259307421991,0.9729941291585127,0.9975922953451043,0.9495798319327731,0.9978060274386434,0.6107784431137725,0.45535714285714285,0.9272727272727272,0.934697105725638
RF,0.6910385707923905,0.9713163064833006,0.6209691368696629,0.6671914701635757,0.7600816820856224,0.7910618792971734,0.7893755658076598,"{'n_estimators': [100], 'max_depth': [10]}","['wav_detail_lvl5_std', 'wav_approx_std', 'NDSI', 'mfcc_var', 'wav_detail_lvl4_std']",0.6605080831408776,0.6383928571428571,0.6842105263157895,0.7258859090438563,0.6445837063563116,0.5687203791469194,0.743801652892562,0.6086159532081531,0.5787847579814624,0.6853658536585366,0.5008912655971479,0.6809548320217546,0.9713163064833006,1.0,0.9442322383498855,0.997533659091596,0.6,0.4434782608695652,0.9272727272727272,0.9338874756729391
RF,0.6910348735964342,0.9705304518664047,0.6211609790289415,0.6662477881461671,0.7663934264440878,0.7883880825057296,0.7945549624174095,"{'n_estimators': [100], 'max_depth': [10]}","['wav_detail_lvl5_std', 'wav_approx_std', 'mfcc_1', 'mfcc_var', 'wav_detail_lvl3_std']",0.68,0.6348547717842323,0.7320574162679426,0.7450176451607786,0.6236559139784946,0.5506329113924051,0.71900826446281,0.5950568255264017,0.5798319327731093,0.7058823529411765,0.4919786096256685,0.7009538753232574,0.9705304518664047,0.9991909385113269,0.9434682964094728,0.9970386501991184,0.6011560693641619,0.4406779661016949,0.9454545454545454,0.9347078158774915
RF,0.6909273132639595,0.9696969696969697,0.621234899155707,0.6638436204329008,0.7584919274364813,0.7822765469824293,0.7891319362497147,"{'n_estimators': [100], 'max_depth': [10]}","['wav_approx_std', 'spec_kurtosis', 'mfcc_var', 'wav_detail_lvl4_std']",0.6697038724373576,0.6391304347826087,0.7033492822966507,0.7653290033451602,0.642413487133984,0.5629860031104199,0.7479338842975206,0.6067852158437957,0.5268595041322314,0.6265356265356266,0.45454545454545453,0.6401650881597645,0.9696969696969697,1.0,0.9411764705882353,0.9967155841411498,0.6459627329192547,0.49056603773584906,0.9454545454545454,0.9366647897587038
RF,0.6909132389967281,0.9683470105509965,0.6215547961081611,0.6679679847484407,0.7612313964298203,0.786096256684492,0.8017899461836653,"{'n_estimators': [100], 'max_depth': [10]}","['wav_detail_lvl5_std', 'spec_skew', 'NDSI', 'mfcc_var']",0.6727272727272727,0.6406926406926406,0.7081339712918661,0.7675717731895254,0.6390114739629302,0.5577812018489985,0.7479338842975206,0.6405509794886757,0.5479744136460555,0.6816976127320955,0.45811051693404636,0.6516975349626281,0.9683470105509965,0.9912,0.946524064171123,0.997715028088395,0.6265060240963856,0.46846846846846846,0.9454545454545454,0.9514144151891016
RF,0.6908879616890191,0.96852871754524,0.6214777727249639,0.6715211412745505,0.7489915966386554,0.7773109243697479,0.791454974741832,"{'n_estimators': [100], 'max_depth': [10]}","['mfcc_mean', 'wav_approx_std', 'spec_skew', 'mfcc_var']",0.6503667481662592,0.665,0.6363636363636364,0.7629783840473513,0.623175965665236,0.5330396475770925,0.75,0.6019163894737835,0.5284974093264249,0.6311881188118812,0.45454545454545453,0.6518839760335347,0.96852871754524,0.9983779399837794,0.9404125286478228,0.9965840128208437,0.6838709677419355,0.53,0.9636363636363636,0.943912111333647
RF,0.6907747483751892,0.9684791174152876,0.6213486561151645,0.6666056134049614,0.7555896181874229,0.7830404889228418,0.782452213520444,"{'n_estimators': [100], 'max_depth': [10]}","['mfcc_mean', 'wav_approx_std', 'mfcc_var', 'wav_detail_lvl4_std']",0.669833729216152,0.6650943396226415,0.6746411483253588,0.7530339186761221,0.6262265834076717,0.5510204081632653,0.7252066115702479,0.5678302836333641,0.5590312815338042,0.6441860465116279,0.49376114081996436,0.6577119608727333,0.9684791174152876,1.0,0.9388846447669977,0.9965258264390908,0.6303030303030303,0.4727272727272727,0.9454545454545454,0.9371590779809096
RF,0.6906103194404624,0.969315499606609,0.6209340243989256,0.6602137368759391,0.7563151924536669,0.7769289533995416,0.7775528659172164,"{'n_estimators': [100], 'max_depth': [10]}","['mfcc_mean', 'wav_detail_lvl5_std', 'wav_approx_std', 'spec_skew', 'spec_kurtosis']",0.618510158013544,0.5854700854700855,0.6555023923444976,0.6982119912048877,0.6248864668483197,0.5575364667747164,0.7107438016528925,0.6135472588315495,0.5352112676056338,0.6143187066974596,0.4741532976827095,0.6216421887820228,0.969315499606609,0.9991889699918897,0.9411764705882353,0.9953524189365143,0.7051282051282052,0.5445544554455446,1.0,0.9590104718311074
RF,0.6905599359259783,0.9676656151419558,0.621283516121984,0.6747403828579818,0.7644088100660011,0.7910618792971734,0.7973090178235063,"{'n_estimators': [100], 'max_depth': [10]}","['wav_approx_std', 'spec_skew', 'mfcc_1', 'wav_detail_lvl3_std']",0.7107061503416856,0.6782608695652174,0.7464114832535885,0.8040067800177279,0.6502127659574468,0.552821997105644,0.7892561983471075,0.5864537384519041,0.5642151481888035,0.7342857142857143,0.45811051693404636,0.6811086118545584,0.9676656151419558,1.0,0.9373567608861727,0.9959931937490624,0.56,0.4083333333333333,0.8909090909090909,0.9189827650442787
RF,0.6902074487621668,0.9666011787819253,0.621109016257227,0.6693022803363733,0.7686116847783045,0.7902979373567609,0.7947135408129722,"{'n_estimators': [100], 'max_depth': [10]}","['wav_detail_lvl5_std', 'mfcc_1', 'mfcc_var', 'wav_detail_lvl3_std', 'wav_detail_lvl4_std']",0.6822429906542056,0.6666666666666666,0.6985645933014354,0.7387466337375821,0.6321428571428571,0.5566037735849056,0.731404958677686,0.6123717756633611,0.5970772442588727,0.7204030226700252,0.5098039215686274,0.6925363414528163,0.9666011787819253,0.9951456310679612,0.9396485867074102,0.9960414827518405,0.572972972972973,0.4076923076923077,0.9636363636363636,0.9338714704592612
RF,0.6901910455412467,0.9705304518664047,0.6201061939599571,0.6632919522839146,0.7632551480792403,0.7902979373567609,0.7863241926014101,"{'n_estimators': [100], 'max_depth': [10]}","['wav_detail_lvl5_std', 'spec_skew', 'NDSI', 'wav_detail_lvl3_std']",0.6351931330472103,0.5758754863813229,0.7081339712918661,0.717453262903503,0.6666666666666666,0.5886075949367089,0.768595041322314,0.6737403222162271,0.5566137566137566,0.6848958333333334,0.46880570409982175,0.6261171795042035,0.9705304518664047,0.9991909385113269,0.9434682964094728,0.9951023188409608,0.6219512195121951,0.46788990825688076,0.9272727272727272,0.9192078795421555
RF,0.6901595924226614,0.967258382642998,0.6208848948675774,0.6656115346890162,0.7535730307782095,0.7822765469824293,0.785245883740114,"{'n_estimators': [100], 'max_depth': [10]}","['mfcc_mean', 'wav_approx_std', 'mfcc_1', 'wav_detail_lvl4_std']",0.6540284360189573,0.647887323943662,0.6602870813397129,0.7632781257724337,0.6237712243074174,0.5496062992125984,0.7210743801652892,0.5718513255138459,0.567703109327984,0.6490825688073395,0.5044563279857398,0.656758933124197,0.967258382642998,1.0,0.9365928189457601,0.9962315046193791,0.6380368098159509,0.48148148148148145,0.9454545454545454,0.9381095296707141
RF,0.6898997381729111,0.9682477459819678,0.620312736220647,0.660147314205819,0.7531046990348989,0.7822765469824293,0.751099294442725,"{'n_estimators': [100], 'max_depth': [10]}","['mfcc_mean', 'wav_approx_std', 'spec_skew', 'spec_kurtosis', 'wav_detail_lvl4_std']",0.6108597285067874,0.5793991416309013,0.645933014354067,0.6137845761288729,0.6419981498612396,0.5812395309882747,0.7169421487603306,0.6319776076992331,0.5532338308457712,0.6261261261261262,0.49554367201426025,0.6089673541591807,0.9682477459819678,0.9943639291465378,0.9434682964094728,0.9959761297443464,0.6751592356687898,0.5196078431372549,0.9636363636363636,0.9047908044819918
RF,0.6898755678670778,0.970125786163522,0.6198130132929667,0.6637238744684029,0.7637392094723927,0.7853323147440795,0.7903034177174473,"{'n_estimators': [100], 'max_depth': [10]}","['mfcc_mean', 'wav_detail_lvl5_std', 'wav_approx_std', 'mfcc_1', 'mfcc_var', 'wav_detail_lvl4_std']",0.671201814058957,0.6379310344827587,0.7081339712918661,0.7514231234391727,0.6185752930568079,0.5488,0.7086776859504132,0.5818332925894618,0.5731958762886598,0.6797066014669927,0.49554367201426025,0.6743851898118676,0.970125786163522,0.9991902834008097,0.9427043544690603,0.9967517259653184,0.6162790697674418,0.452991452991453,0.9636363636363636,0.9471237567814162
RF,0.6898374625621486,0.9730363423212193,0.6190377426223809,0.6680917448790638,0.7518869731450649,0.7849503437738732,0.7926327144216361,"{'n_estimators': [100], 'max_depth': [10]}","['wav_approx_std', 'mfcc_1', 'NDSI', 'spec_kurtosis', 'mfcc_var']",0.6713947990543735,0.6635514018691588,0.6794258373205742,0.7945736790014839,0.6337157987643425,0.5531587057010786,0.7417355371900827,0.6072589587987436,0.5375,0.6466165413533834,0.45989304812834225,0.6256547182612756,0.9730363423212193,0.996,0.9511077158135982,0.9984385652818446,0.6335403726708074,0.4811320754716981,0.9272727272727272,0.9372376507648323
RF,0.6898041000110362,0.9718089271730619,0.6193028932205297,0.6637408183577842,0.76178089852731,0.7864782276546982,0.7795689244242957,"{'n_estimators': [100], 'max_depth': [10]}","['wav_detail_lvl5_std', 'mfcc_1', 'NDSI', 'mfcc_var']",0.6563876651982379,0.6081632653061224,0.7129186602870813,0.6922194770003963,0.6452762923351159,0.567398119122257,0.7479338842975206,0.5989001283788801,0.5414012738853503,0.6692913385826772,0.45454545454545453,0.6731845663640483,0.9718089271730619,0.9967871485943776,0.948051948051948,0.9978597775451924,0.6341463414634146,0.47706422018348627,0.9454545454545454,0.9356806728329615
RF,0.6897418200032963,0.970125786163522,0.6196458284632398,0.6645677611320886,0.766148099953335,0.7902979373567609,0.8013909110118048,"{'n_estimators': [100], 'max_depth': [10]}","['wav_detail_lvl5_std', 'wav_approx_std', 'mfcc_var', 'wav_detail_lvl3_std', 'wav_detail_lvl4_std']",0.6592920353982301,0.6131687242798354,0.7129186602870813,0.752864844930781,0.6335740072202166,0.5625,0.7252066115702479,0.60020343954324,0.5914315569487983,0.7146464646464646,0.5044563279857398,0.721285941650738,0.970125786163522,0.9991902834008097,0.9427043544690603,0.9966570686144607,0.5942857142857143,0.43333333333333335,0.9454545454545454,0.9359432603198046
RF,0.6896856401884254,0.9680725266062278,0.6200889185839747,0.6646548584958487,0.7684241473884029,0.7845683728036669,0.7960710349063526,"{'n_estimators': [100], 'max_depth': [10]}","['wav_approx_std', 'mfcc_1', 'mfcc_var', 'wav_detail_lvl3_std', 'wav_detail_lvl4_std']",0.7130044843049327,0.6708860759493671,0.7607655502392344,0.8118817542471601,0.6319505736981466,0.551617873651772,0.7396694214876033,0.5744111199445944,0.5444915254237288,0.6710182767624021,0.45811051693404636,0.6889748246542831,0.9680725266062278,1.0,0.9381207028265852,0.9968364841025416,0.5909090909090909,0.4297520661157025,0.9454545454545454,0.9082509915831832
RF,0.689589821524945,0.9647058823529412,0.620810806317946,0.667546335579539,0.7680155176468151,0.7864782276546982,0.8052600246543505,"{'n_estimators': [100], 'max_depth': [10]}","['wav_detail_lvl5_std', 'spec_skew', 'mfcc_var', 'wav_detail_lvl4_std']",0.6864988558352403,0.6578947368421053,0.7177033492822966,0.7754270307398499,0.641409691629956,0.5591397849462365,0.7520661157024794,0.6210969754483429,0.5598290598290598,0.6986666666666667,0.46702317290552586,0.669225443019983,0.9647058823529412,0.9911361804995971,0.9396485867074102,0.9960185348612671,0.5955056179775281,0.43089430894308944,0.9636363636363636,0.9645321392023097
RF,0.6894747919070596,0.9650843468026677,0.6205724031831577,0.6659943368967216,0.7593757851117828,0.780366692131398,0.7674995312976998,"{'n_estimators': [100], 'max_depth': [10]}","['mfcc_mean', 'wav_detail_lvl5_std', 'mfcc_1', 'mfcc_var']",0.6697038724373576,0.6391304347826087,0.7033492822966507,0.6718299689254161,0.6083112290008842,0.5316846986089645,0.7107438016528925,0.5575610243333092,0.5657202944269191,0.6897435897435897,0.47950089126559714,0.666070508689284,0.9650843468026677,0.9919354838709677,0.9396485867074102,0.9954650298220861,0.6385542168674698,0.4774774774774775,0.9636363636363636,0.9465711247184035
RF,0.6893752783022473,0.966903073286052,0.6199933295562962,0.6665218588141203,0.7633774153419524,0.7838044308632544,0.8050689425226286,"{'n_estimators': [100], 'max_depth': [10]}","['wav_approx_std', 'mfcc_1', 'wav_detail_lvl3_std']",0.6901098901098901,0.6382113821138211,0.7511961722488039,0.8174252889085942,0.6235807860262009,0.540090771558245,0.737603305785124,0.5870344939616211,0.5591397849462365,0.7046070460704607,0.46345811051693403,0.7090678025496333,0.966903073286052,0.9983726606997559,0.9373567608861727,0.9962583279803375,0.6071428571428571,0.45132743362831856,0.9272727272727272,0.9155587992129569
RF,0.6893604708661334,0.9698394046220133,0.6192407374271636,0.666153392082047,0.7590333880398614,0.786096256684492,0.7975919717806237,"{'n_estimators': [100], 'max_depth': [10]}","['wav_detail_lvl5_std', 'spec_skew', 'mfcc_1', 'NDSI']",0.6575342465753424,0.62882096069869,0.6889952153110048,0.7445176304377374,0.6390114739629302,0.5577812018489985,0.7479338842975206,0.6421767248312592,0.5539112050739958,0.6805194805194805,0.46702317290552586,0.6461961604776222,0.9698394046220133,0.9951768488745981,0.9457601222307105,0.9977868420273504,0.6265060240963856,0.46846846846846846,0.9454545454545454,0.957282501129149
RF,0.6893145609889142,0.9741784037558685,0.6180986002971756,0.6683377487335653,0.7613992930795633,0.7899159663865546,0.7895148230363722,"{'n_estimators': [100], 'max_depth': [10]}","['wav_detail_lvl5_std', 'wav_approx_std', 'mfcc_1', 'NDSI', 'mfcc_var']",0.6590389016018307,0.631578947368421,0.6889952153110048,0.7343531275399079,0.6421052631578947,0.5579268292682927,0.756198347107438,0.6009654859826794,0.5594855305466238,0.7016129032258065,0.46524064171123,0.6766662400024515,0.9741784037558685,0.9983961507618284,0.9511077158135982,0.9976901262603558,0.611764705882353,0.45217391304347826,0.9454545454545454,0.9378991353964659
RF,0.6892701891825675,0.9692913385826771,0.6192649018325402,0.6609963252726411,0.7660087140554351,0.7811306340718105,0.7947802023270832,"{'n_estimators': [100], 'max_depth': [10]}","['wav_approx_std', 'mfcc_1', 'wav_detail_lvl3_std', 'wav_detail_lvl4_std']",0.6967741935483871,0.6328125,0.7751196172248804,0.8044124391625316,0.6245551601423488,0.5484375,0.7252066115702479,0.5792686231183231,0.5292242295430393,0.6552631578947369,0.44385026737967914,0.6865939193121462,0.9692913385826771,1.0,0.9404125286478228,0.9967958949508414,0.6265060240963856,0.46846846846846846,0.9454545454545454,0.9068301350915736
RF,0.6890835436452448,0.9631083202511774,0.6205773494937616,0.6669683232143465,0.7689030061785479,0.7868601986249045,0.7995857177220792,"{'n_estimators': [100], 'max_depth': [10]}","['wav_detail_lvl5_std', 'mfcc_var', 'wav_detail_lvl3_std', 'wav_detail_lvl4_std']",0.6894977168949772,0.6593886462882096,0.722488038277512,0.7463021021203284,0.6285714285714286,0.5534591194968553,0.7272727272727273,0.6206308131795573,0.5850052798310454,0.7176165803108808,0.49376114081996436,0.7052644610882152,0.9631083202511774,0.9903147699757869,0.9373567608861727,0.9955422245137532,0.5792349726775956,0.4140625,0.9636363636363636,0.9301889877085419
RF,0.688909261644288,0.9634577603143418,0.6202721369767746,0.6620021273826847,0.7465103692629727,0.7807486631016043,0.7642995728673829,"{'n_estimators': [100], 'max_depth': [10]}","['mfcc_mean', 'wav_detail_lvl5_std', 'spec_skew', 'wav_detail_lvl4_std']",0.5961538461538461,0.5990338164251208,0.5933014354066986,0.6912634440801217,0.633147113594041,0.576271186440678,0.7024793388429752,0.6227488564369028,0.5766283524904214,0.6231884057971014,0.5365418894830659,0.5824222085663174,0.9634577603143418,0.9919093851132686,0.9365928189457601,0.9955856965542224,0.6751592356687898,0.5196078431372549,0.9636363636363636,0.9294776586993507
RF,0.688733578686327,0.9689098780007871,0.6186895038577118,0.6681091808649036,0.7613105929627179,0.7918258212375859,0.7918640329614894,"{'n_estimators': [100], 'max_depth': [10]}","['wav_detail_lvl5_std', 'wav_approx_std', 'NDSI', 'spec_kurtosis']",0.6235565819861432,0.6026785714285714,0.645933014354067,0.7170886014855493,0.6596858638743456,0.5709969788519638,0.78099173553719,0.6614474749223899,0.586864406779661,0.7232375979112271,0.49376114081996436,0.644521869171188,0.9689098780007871,0.9991883116883117,0.9404125286478228,0.9958395226852278,0.6046511627906976,0.4444444444444444,0.9454545454545454,0.9404226965430923
RF,0.6886935783719406,0.9757433489827856,0.6169311357192293,0.6674312333629103,0.757071056347724,0.7902979373567609,0.7871540330924118,"{'n_estimators': [100], 'max_depth': [10]}","['wav_approx_std', 'mfcc_1', 'NDSI', 'mfcc_var', 'wav_detail_lvl4_std']",0.6666666666666666,0.65,0.6842105263157895,0.7590190515946915,0.6365248226950354,0.5574534161490683,0.7417355371900827,0.5946036828621492,0.5645330535152151,0.6862244897959183,0.47950089126559714,0.6700938146404027,0.9757433489827856,1.0,0.9526355996944232,0.9981990967870146,0.6,0.4434782608695652,0.9272727272727272,0.9138545195778008
RF,0.6883204753361445,0.964299725382503,0.6193256628245549,0.6656018570027089,0.7560174256740538,0.7799847211611918,0.7817191751955733,"{'n_estimators': [100], 'max_depth': [10]}","['mfcc_mean', 'wav_detail_lvl5_std', 'mfcc_1']",0.6394557823129252,0.6077586206896551,0.6746411483253588,0.7246284187904799,0.6163301141352063,0.5358778625954198,0.7252066115702479,0.5654356724444076,0.5671957671957671,0.6979166666666666,0.47771836007130125,0.6653198179604454,0.964299725382503,0.9911290322580645,0.9388846447669977,0.9960554603737907,0.654320987654321,0.4953271028037383,0.9636363636363636,0.9571565064087433
RF,0.6883153698543772,0.9693396226415094,0.6180593066575942,0.6566264610861854,0.7558027299654094,0.7784568372803667,0.7578387163163629,"{'n_estimators': [100], 'max_depth': [10]}","['mfcc_mean', 'wav_detail_lvl5_std', 'wav_approx_std']",0.5938864628820961,0.5461847389558233,0.6507177033492823,0.6206685092973416,0.6056074766355141,0.552901023890785,0.6694214876033058,0.5496164487864819,0.5765407554671969,0.651685393258427,0.5169340463458111,0.6317299945012065,0.9693396226415094,0.9983805668016195,0.9419404125286478,0.9957283474007966,0.6962025316455697,0.5339805825242718,1.0,0.9914502815959881
RF,0.6882540310275821,0.9709119496855346,0.6175895513630939,0.6723830286620984,0.7475501100831807,0.787624140565317,0.7870229637589897,"{'n_estimators': [100], 'max_depth': [10]}","['mfcc_mean', 'wav_approx_std', 'mfcc_1', 'NDSI']",0.6445012787723785,0.6923076923076923,0.6028708133971292,0.7534780468095401,0.6503496503496503,0.5636363636363636,0.768595041322314,0.5992883677615374,0.5610494450050454,0.6465116279069767,0.49554367201426025,0.6620455470076573,0.9709119496855346,1.0,0.9434682964094728,0.9979896251148893,0.6144578313253012,0.4594594594594595,0.9272727272727272,0.9223132321013247
RF,0.688092066534936,0.964594807238395,0.6189663813590712,0.665959839173465,0.7681335814012424,0.786096256684492,0.7894610567646667,"{'n_estimators': [100], 'max_depth': [10]}","['wav_detail_lvl5_std', 'mfcc_1', 'wav_detail_lvl3_std']",0.6772009029345373,0.6410256410256411,0.7177033492822966,0.7119904874863936,0.6319505736981466,0.551617873651772,0.7396694214876033,0.6069215711254596,0.5778251599147122,0.7188328912466844,0.483065953654189,0.6962846310887022,0.964594807238395,0.9943227899432279,0.9365928189457601,0.995445259998462,0.5888888888888889,0.424,0.9636363636363636,0.9366633341243159
RF,0.6880500354551703,0.9623762376237623,0.6194684849130223,0.6651047527481324,0.766732911520415,0.7807486631016043,0.7657180343258753,"{'n_estimators': [100], 'max_depth': [10]}","['NDSI', 'wav_detail_lvl3_std']",0.6611909650924025,0.579136690647482,0.7703349282296651,0.6420411656422389,0.6523972602739726,0.5570175438596491,0.7871900826446281,0.6424815296864613,0.5267857142857143,0.7044776119402985,0.4206773618538324,0.6814918950908904,0.9623762376237623,0.9991776315789473,0.9281894576012223,0.9943110687023727,0.6375,0.4857142857142857,0.9272727272727272,0.8682645125074128
RF,0.6880428716382794,0.9705535924617197,0.6174151914324193,0.6616554372908865,0.7591371964183672,0.7830404889228418,0.7961021131964798,"{'n_estimators': [100], 'max_depth': [10]}","['wav_approx_std', 'mfcc_1', 'spec_kurtosis', 'mfcc_var', 'wav_detail_lvl4_std']",0.6757369614512472,0.6422413793103449,0.7129186602870813,0.7978341610902382,0.6327077747989276,0.5574803149606299,0.731404958677686,0.6030389327136004,0.5384615384615384,0.6458852867830424,0.46167557932263814,0.6431751350430334,0.9705535924617197,0.9983844911147012,0.9442322383498855,0.9969817637246184,0.6227544910179641,0.4642857142857143,0.9454545454545454,0.9394805734109088
RF,0.68800839479487,0.964327714621717,0.6189285648381583,0.6690675561843156,0.7464932871800307,0.7765469824293354,0.7965430393273218,"{'n_estimators': [100], 'max_depth': [10]}","['mfcc_mean', 'wav_approx_std', 'spec_skew', 'mfcc_1', 'spec_kurtosis', 'mfcc_var']",0.655421686746988,0.6601941747572816,0.6507177033492823,0.7917249021759045,0.612987012987013,0.5275707898658718,0.731404958677686,0.6137298426434652,0.5448851774530271,0.6574307304785895,0.46524064171123,0.637872482983138,0.964327714621717,0.9903381642512077,0.9396485867074102,0.9970130781370866,0.6624203821656051,0.5098039215686274,0.9454545454545454,0.9423748906970151
RF,0.6880005674736701,0.9682228324833267,0.617945001221256,0.6590775082966467,0.749005181890068,0.7792207792207793,0.7754840732220839,"{'n_estimators': [100], 'max_depth': [10]}","['mfcc_mean', 'wav_detail_lvl5_std', 'spec_skew', 'wav_detail_lvl3_std', 'wav_detail_lvl4_std']",0.6276346604215457,0.6146788990825688,0.6411483253588517,0.7029393944840541,0.6228893058161351,0.570446735395189,0.6859504132231405,0.6480884914899936,0.5545893719806764,0.6054852320675106,0.5115864527629234,0.6107968850539295,0.9682228324833267,0.9951612903225806,0.9427043544690603,0.9960757814595431,0.6666666666666666,0.5096153846153846,0.9636363636363636,0.9195198136228995
RF,0.6879707338015278,0.968503937007874,0.6178374329999414,0.6593777586913141,0.7644166809829629,0.7822765469824293,0.76533752525901,"{'n_estimators': [100], 'max_depth': [10]}","['wav_detail_lvl5_std', 'spec_skew', 'NDSI', 'spec_kurtosis']",0.6486486486486487,0.5735294117647058,0.7464114832535885,0.6827673652037946,0.6488413547237076,0.5705329153605015,0.7520661157024794,0.6521559563932755,0.5278969957081545,0.6630727762803235,0.4385026737967914,0.5684733423471909,0.968503937007874,0.9991876523151909,0.9396485867074102,0.9946429516628621,0.6459627329192547,0.49056603773584906,0.9454545454545454,0.9286480106879265
RF,0.6878241744426811,0.9680976762504924,0.6177557989907283,0.6657289587768223,0.7484229046120406,0.773109243697479,0.7841690930059312,"{'n_estimators': [100], 'max_depth': [10]}","['mfcc_mean', 'wav_approx_std', 'spec_skew', 'mfcc_1', 'spec_kurtosis']",0.6494117647058824,0.6388888888888888,0.6602870813397129,0.7575402884842573,0.6198630136986302,0.5292397660818714,0.7479338842975206,0.6164554527780751,0.508937960042061,0.6205128205128205,0.43137254901960786,0.6390850628731105,0.9680976762504924,0.9991869918699187,0.9388846447669977,0.9961847112663512,0.6928104575163399,0.5408163265306123,0.9636363636363636,0.9115799496278623
RF,0.6877854551685713,0.9741985926505082,0.6161821707980869,0.6649578301293,0.7518158790266868,0.7887700534759359,0.7971706539430172,"{'n_estimators': [100], 'max_depth': [10]}","['wav_approx_std', 'spec_skew', 'NDSI', 'spec_kurtosis', 'mfcc_var', 'wav_detail_lvl4_std']",0.6384976525821596,0.6267281105990783,0.6507177033492823,0.7695454274597626,0.6464285714285715,0.5691823899371069,0.7479338842975206,0.6357931980622915,0.5578512396694215,0.6633906633906634,0.48128342245989303,0.6531631369880233,0.9741985926505082,0.9975980784627703,0.9518716577540107,0.9978708593941725,0.6219512195121951,0.46788990825688076,0.9272727272727272,0.9294806478108364
RF,0.6877706050270843,0.973015252248729,0.6164594432216732,0.6646687202271313,0.7535120250797143,0.7845683728036669,0.7940836020271619,"{'n_estimators': [100], 'max_depth': [10]}","['wav_approx_std', 'mfcc_1', 'NDSI', 'spec_kurtosis', 'mfcc_var', 'wav_detail_lvl4_std']",0.6697247706422018,0.6431718061674009,0.6985645933014354,0.7903540908526479,0.6197684772929652,0.5446009389671361,0.71900826446281,0.6028234285636325,0.5543933054393305,0.6708860759493671,0.47237076648841353,0.6601905521265755,0.973015252248729,0.9967948717948718,0.9503437738731857,0.9983272928576659,0.6219512195121951,0.46788990825688076,0.9272727272727272,0.9187226457352878
RF,0.6877667426238754,0.9588719153936546,0.6199904494314306,0.6664106657087652,0.7565881646264421,0.7799847211611918,0.7869101826358185,"{'n_estimators': [100], 'max_depth': [10]}","['mfcc_mean', 'mfcc_var', 'wav_detail_lvl4_std']",0.6621315192743764,0.6293103448275862,0.6985645933014354,0.7482634594214171,0.613215859030837,0.5345622119815668,0.71900826446281,0.5631110602760988,0.5781083953241233,0.7157894736842105,0.48484848484848486,0.6868683578319702,0.9588719153936546,0.9839228295819936,0.935064935064935,0.9948433802933778,0.6265060240963856,0.46846846846846846,0.9454545454545454,0.9414646553562277
RF,0.6874755112802867,0.9697445972495088,0.6169082397879811,0.6615993434070202,0.7635570330785642,0.7864782276546982,0.7758974683055292,"{'n_estimators': [100], 'max_depth': [10]}","['wav_detail_lvl5_std', 'wav_approx_std', 'mfcc_1']",0.6741071428571429,0.6317991631799164,0.722488038277512,0.7078127001627056,0.6269196025293586,0.5569823434991974,0.7169421487603306,0.5719410693599691,0.5723204994797086,0.6875,0.49019607843137253,0.6724634185872533,0.9697445972495088,0.9983818770226537,0.9427043544690603,0.995984367511688,0.5942857142857143,0.43333333333333335,0.9454545454545454,0.9312857859060294
RF,0.6872255224681613,0.9620945681906995,0.6185082610375268,0.6703088924046864,0.7560951113807854,0.7773109243697479,0.7979110953824444,"{'n_estimators': [100], 'max_depth': [10]}","['spec_skew', 'mfcc_1', 'wav_detail_lvl3_std']",0.6997742663656885,0.6623931623931624,0.7416267942583732,0.8170974515998309,0.6272189349112426,0.530758226037196,0.7665289256198347,0.5857092796052172,0.5095398428731762,0.6878787878787879,0.40463458110516937,0.654289488143287,0.9620945681906995,0.9848,0.9404125286478228,0.9946807182903314,0.6375,0.4857142857142857,0.9272727272727272,0.9377785392735551
RF,0.6871815481693333,0.96852871754524,0.6168447558253566,0.6618059219285846,0.7645814097713901,0.7868601986249045,0.7888033530784029,"{'n_estimators': [100], 'max_depth': [10]}","['wav_detail_lvl5_std', 'wav_approx_std', 'mfcc_1', 'wav_detail_lvl3_std']",0.6579520697167756,0.604,0.722488038277512,0.7092867230501788,0.6264626462646264,0.5550239234449761,0.71900826446281,0.6002091941895318,0.5852631578947368,0.7146529562982005,0.49554367201426025,0.7072200146426428,0.96852871754524,0.9983779399837794,0.9404125286478228,0.9968367533123801,0.5977011494252874,0.4369747899159664,0.9454545454545454,0.9304640801972811
RF,0.6871629925044195,0.9707602339181286,0.6162636821509923,0.6704123619457009,0.7493789773412628,0.7899159663865546,0.7961886107900977,"{'n_estimators': [100], 'max_depth': [10]}","['mfcc_mean', 'spec_skew', 'mfcc_1', 'NDSI', 'mfcc_var', 'wav_detail_lvl4_std']",0.6506024096385542,0.6553398058252428,0.645933014354067,0.7660349371654059,0.6409130816505707,0.5572519083969466,0.7541322314049587,0.6168092335971215,0.5747368421052632,0.7017994858611826,0.48663101604278075,0.6854819866406467,0.9707602339181286,0.9912420382165605,0.9511077158135982,0.9981991353099064,0.5988023952095808,0.44642857142857145,0.9090909090909091,0.9144177612374085
RF,0.6871216484934208,0.9709347996857817,0.6161683606953305,0.661389907022301,0.7575167135144618,0.7822765469824293,0.7864688023820363,"{'n_estimators': [100], 'max_depth': [10]}","['mfcc_mean', 'wav_detail_lvl5_std', 'wav_approx_std', 'mfcc_1', 'mfcc_var']",0.6681614349775785,0.6286919831223629,0.7129186602870813,0.7426943366063452,0.6073674752920036,0.5373608903020668,0.6983471074380165,0.5807608501440948,0.5663900414937759,0.6774193548387096,0.48663101604278075,0.6745739333452555,0.9709347996857817,0.9991915925626516,0.9442322383498855,0.9963243862311801,0.6227544910179641,0.4642857142857143,0.9454545454545454,0.9379905055833059
RF,0.6870264056465374,0.9705304518664047,0.6161503940915705,0.6650601926500219,0.7470296792053054,0.7983193277310925,0.7828865840618155,"{'n_estimators': [100], 'max_depth': [10]}","['mfcc_mean', 'NDSI', 'wav_detail_lvl4_std']",0.5925925925925926,0.6122448979591837,0.5741626794258373,0.6785861173597207,0.6777777777777778,0.6140939597315436,0.756198347107438,0.6453718795933467,0.6177606177606177,0.6736842105263158,0.5704099821746881,0.6837481159308517,0.9705304518664047,0.9991909385113269,0.9434682964094728,0.997272222397642,0.5764705882352941,0.4260869565217391,0.8909090909090909,0.9094545850275164
RF,0.6870244162569984,0.971183800623053,0.6159845701654848,0.6716305733858642,0.7459135198228922,0.7891520244461421,0.8024379876451911,"{'n_estimators': [100], 'max_depth': [10]}","['mfcc_mean', 'mfcc_1', 'NDSI', 'spec_kurtosis', 'mfcc_var']",0.6485148514851485,0.6717948717948717,0.6267942583732058,0.7832880370979765,0.6421052631578947,0.5579268292682927,0.756198347107438,0.6287192621525611,0.5672575599582899,0.6834170854271356,0.48484848484848486,0.666836974849632,0.971183800623053,0.9904686258935663,0.9526355996944232,0.9976785040574416,0.6060606060606061,0.45454545454545453,0.9090909090909091,0.9356671600683447
RF,0.6868366713712364,0.946993670886076,0.6217974214925265,0.664588705317999,0.7608598794019565,0.7742551566080977,0.7844263920460699,"{'n_estimators': [100], 'max_depth': [10]}","['mfcc_var', 'wav_detail_lvl3_std', 'wav_detail_lvl4_std']",0.6962305986696231,0.6487603305785123,0.7511961722488039,0.7434723960197519,0.6246764452113891,0.5362962962962963,0.7479338842975206,0.5657453009850131,0.5591397849462365,0.7046070460704607,0.46345811051693403,0.7203889269608401,0.946993670886076,0.9819524200164069,0.9144385026737968,0.9902413775619121,0.6071428571428571,0.45132743362831856,0.9272727272727272,0.9022839587028323
RF,0.6867350964098039,0.9658421672555948,0.6169583286983562,0.6632964587449509,0.765744282924131,0.786096256684492,0.7912485711474526,"{'n_estimators': [100], 'max_depth': [10]}","['wav_detail_lvl5_std', 'spec_skew', 'mfcc_1', 'mfcc_var', 'wav_detail_lvl4_std']",0.665158371040724,0.630901287553648,0.7033492822966507,0.7492217565565533,0.642413487133984,0.5629860031104199,0.7479338842975206,0.5886507445012433,0.564755838641189,0.6981627296587927,0.4741532976827095,0.6585255220402007,0.9658421672555948,0.9935379644588045,0.9396485867074102,0.9966336684891631,0.5955056179775281,0.43089430894308944,0.9636363636363636,0.9632111641501031
RF,0.6866477413518136,0.9745397571484528,0.6146747374026538,0.6628715535059174,0.7525930406960522,0.786096256684492,0.7895017336997483,"{'n_estimators': [100], 'max_depth': [10]}","['wav_approx_std', 'mfcc_1', 'NDSI', 'spec_kurtosis', 'wav_detail_lvl4_std']",0.6574074074074074,0.6367713004484304,0.6794258373205742,0.7585270081651864,0.6260089686098654,0.5530903328050714,0.7210743801652892,0.6197945472788949,0.5608247422680412,0.6650366748166259,0.48484848484848486,0.643962818993449,0.9745397571484528,1.0,0.9503437738731857,0.9982070835157519,0.6144578313253012,0.4594594594594595,0.9272727272727272,0.9270172105454595
RF,0.6865607917811405,0.9727838258164853,0.6150050332723044,0.6725497907474101,0.7443076821855319,0.7872421695951107,0.8015165681155197,"{'n_estimators': [100], 'max_depth': [10]}","['mfcc_mean', 'spec_skew', 'NDSI', 'mfcc_var']",0.6414141414141414,0.679144385026738,0.6076555023923444,0.7612981897547183,0.6411149825783972,0.5542168674698795,0.7603305785123967,0.6536725952726039,0.5517241379310345,0.6666666666666666,0.47058823529411764,0.6676252786223094,0.9727838258164853,0.9904988123515439,0.9556913674560733,0.9976959527105622,0.6257668711656442,0.4722222222222222,0.9272727272727272,0.927290824217405
RF,0.6865532779617043,0.9677672955974843,0.6162497735527592,0.662310299413496,0.7658774549402189,0.7891520244461421,0.7809897683429565,"{'n_estimators': [100], 'max_depth': [10]}","['wav_detail_lvl5_std', 'wav_approx_std', 'mfcc_var', 'wav_detail_lvl4_std']",0.65,0.6190476190476191,0.6842105263157895,0.7127001554222353,0.6469002695417789,0.5723370429252782,0.743801652892562,0.5805968095903765,0.5824634655532359,0.7027707808564232,0.49732620320855614,0.6769742068705672,0.9677672955974843,0.9967611336032388,0.9404125286478228,0.9960781525009345,0.585635359116022,0.42063492063492064,0.9636363636363636,0.9385995173306689
RF,0.6864521013642332,0.9678935003915426,0.6160917516074058,0.6630363270681017,0.7574723634560392,0.7895339954163484,0.7916151683344619,"{'n_estimators': [100], 'max_depth': [10]}","['spec_skew', 'NDSI', 'spec_kurtosis', 'wav_detail_lvl3_std', 'wav_detail_lvl4_std']",0.6264501160092807,0.6081081081081081,0.645933014354067,0.7390932207892088,0.6565022421524663,0.5800316957210776,0.756198347107438,0.6680456604186414,0.5767634854771784,0.6898263027295285,0.49554367201426025,0.6458558719258036,0.9678935003915426,0.9927710843373494,0.9442322383498855,0.9962801223330536,0.6046511627906976,0.4444444444444444,0.9454545454545454,0.9088009662056017
RF,0.6862404459095801,0.9697208022021234,0.6153703568364444,0.6553601562795058,0.7543726964469999,0.7822765469824293,0.7882023107733621,"{'n_estimators': [100], 'max_depth': [10]}","['mfcc_mean', 'wav_detail_lvl5_std', 'wav_approx_std', 'spec_kurtosis', 'wav_detail_lvl3_std']",0.6075388026607539,0.5661157024793388,0.6555023923444976,0.7291293056263212,0.6350093109869647,0.5779661016949152,0.7045454545454546,0.6061011790752652,0.5646123260437376,0.6382022471910113,0.5062388591800356,0.6563337689939388,0.9697208022021234,0.9991896272285251,0.9419404125286478,0.9959326914123647,0.654320987654321,0.4953271028037383,0.9636363636363636,0.9535146087589206
RF,0.6861568987564273,0.9701726844583988,0.6151529523309345,0.6551998896739184,0.7545357072798672,0.7834224598930482,0.7675873428787232,"{'n_estimators': [100], 'max_depth': [10]}","['mfcc_mean', 'wav_detail_lvl5_std', 'wav_approx_std', 'wav_detail_lvl4_std']",0.5669642857142857,0.5313807531380753,0.6076555023923444,0.6352665936264622,0.6168401135288553,0.568935427574171,0.6735537190082644,0.5761842476985659,0.6019607843137255,0.6688453159041394,0.5472370766488414,0.6539818273243598,0.9701726844583988,0.9975786924939467,0.9442322383498855,0.9959922384464824,0.6748466257668712,0.5092592592592593,1.0,0.9765118072977453
RF,0.6860827942749054,0.9713388299960738,0.6147687853446132,0.6646596428780718,0.7585926654263272,0.7922077922077922,0.7928260257494804,"{'n_estimators': [100], 'max_depth': [10]}","['wav_detail_lvl5_std', 'wav_approx_std', 'spec_skew', 'NDSI', 'spec_kurtosis', 'wav_detail_lvl3_std']",0.6129753914988815,0.5756302521008403,0.6555023923444976,0.7496995886362645,0.6695880806310254,0.5814307458143074,0.7892561983471075,0.6358483234255621,0.572961373390558,0.7196765498652291,0.47593582887700536,0.6589382923733796,0.9713388299960738,0.9991922455573505,0.944996180290298,0.9955387690799642,0.6035502958579881,0.4473684210526316,0.9272727272727272,0.9241051552322311
RF,0.6860824232852346,0.970102281667978,0.6150774586895489,0.6577256156017772,0.7582634758992766,0.7773109243697479,0.790358794790657,"{'n_estimators': [100], 'max_depth': [10]}","['wav_approx_std', 'spec_skew', 'mfcc_1', 'mfcc_var', 'wav_detail_lvl4_std']",0.6812227074235808,0.6265060240963856,0.7464114832535885,0.7786926311550642,0.6192170818505338,0.54375,0.71900826446281,0.598158254692723,0.5178947368421053,0.6323907455012854,0.4385026737967914,0.6385613901888255,0.970102281667978,1.0,0.9419404125286478,0.9974026914945386,0.6419753086419753,0.48598130841121495,0.9454545454545454,0.9389790064221338
RF,0.686001725570424,0.9689098780007871,0.6152746874628332,0.6573442439398219,0.7572011336069878,0.7807486631016043,0.7805186466222077,"{'n_estimators': [100], 'max_depth': [10]}","['mfcc_mean', 'wav_detail_lvl5_std', 'wav_approx_std', 'spec_skew', 'spec_kurtosis', 'wav_detail_lvl3_std']",0.6199095022624435,0.5879828326180258,0.6555023923444976,0.7120650767990442,0.6341463414634146,0.5634028892455859,0.7252066115702479,0.6214123105054695,0.5524974515800204,0.6452380952380953,0.483065953654189,0.6434046915802558,0.9689098780007871,0.9991883116883117,0.9404125286478228,0.9956495045286825,0.6545454545454545,0.4909090909090909,0.9818181818181818,0.9300616496975869
RF,0.6859463025364321,0.9683222526398123,0.6153523150105871,0.6564635797199876,0.7459548969653106,0.7765469824293354,0.7633088570470004,"{'n_estimators': [100], 'max_depth': [10]}","['mfcc_mean', 'wav_detail_lvl5_std', 'wav_detail_lvl3_std', 'wav_detail_lvl4_std']",0.5869565217391305,0.5378486055776892,0.645933014354067,0.6653792100273512,0.6082089552238806,0.5544217687074829,0.6735537190082644,0.609932294602884,0.5642570281124498,0.6459770114942529,0.5008912655971479,0.6031966079503704,0.9683222526398123,0.9919871794871795,0.9457601222307105,0.9948167522168282,0.7019867549668874,0.5520833333333334,0.9636363636363636,0.943219420437568
RF,0.685819221269598,0.9703588143525741,0.614684322998854,0.670697114211924,0.7446415869523103,0.7853323147440795,0.794300090398684,"{'n_estimators': [100], 'max_depth': [10]}","['mfcc_mean', 'wav_approx_std', 'spec_skew', 'mfcc_1', 'NDSI', 'mfcc_var']",0.6466165413533834,0.6789473684210526,0.6172248803827751,0.7666496724018499,0.6287215411558669,0.5455927051671733,0.7417355371900827,0.6114550227537573,0.5652173913043478,0.674074074074074,0.48663101604278075,0.6561096552107878,0.9703588143525741,0.9912350597609562,0.9503437738731857,0.9982241417744205,0.6181818181818182,0.4636363636363636,0.9272727272727272,0.9390619598526041
RF,0.6857844656808952,0.968885387948011,0.6150092351141163,0.6649920418000596,0.7500971558697425,0.7815126050420168,0.7877330175266213,"{'n_estimators': [100], 'max_depth': [10]}","['mfcc_mean', 'wav_approx_std', 'mfcc_1', 'mfcc_var', 'wav_detail_lvl4_std']",0.648910411622276,0.6568627450980392,0.6411483253588517,0.7640147405941076,0.6257668711656442,0.54337899543379,0.737603305785124,0.5674554932616566,0.5588536335721597,0.65625,0.48663101604278075,0.6784465695177422,0.968885387948011,1.0,0.9396485867074102,0.9965612919254022,0.6265060240963856,0.46846846846846846,0.9454545454545454,0.9321869923341982
RF,0.6857254127683949,0.9409417398244214,0.6219213310043884,0.6636447174961477,0.7614704846705973,0.7719633307868602,0.7860614841338937,"{'n_estimators': [100], 'max_depth': [10]}","['mfcc_1', 'mfcc_var', 'wav_detail_lvl3_std', 'wav_detail_lvl4_std']",0.6919642857142857,0.6485355648535565,0.7416267942583732,0.769667103716418,0.6262798634812287,0.5334302325581395,0.7582644628099173,0.5605134527912592,0.5729499467518637,0.7116402116402116,0.47950089126559714,0.7059075698513925,0.9409417398244214,0.9849624060150376,0.9006875477463713,0.99045973824413,0.5964912280701754,0.4396551724137931,0.9272727272727272,0.9037595560662683
RF,0.6855502238011075,0.969315499606609,0.6146089048497322,0.6564900702971619,0.752157630342263,0.7826585179526356,0.7741249689653504,"{'n_estimators': [100], 'max_depth': [10]}","['mfcc_mean', 'wav_detail_lvl5_std', 'wav_approx_std', 'spec_skew', 'wav_detail_lvl3_std']",0.6027397260273972,0.5764192139737991,0.631578947368421,0.7068283303345559,0.6359447004608295,0.5740432612312812,0.7128099173553719,0.5926438006675906,0.5694444444444444,0.6420581655480985,0.5115864527629234,0.6454327662200161,0.969315499606609,0.9991889699918897,0.9411764705882353,0.9960750452788355,0.6503067484662577,0.49074074074074076,0.9636363636363636,0.9296449023257537
RF,0.685479531856459,0.971183800623053,0.6140534646648105,0.668500616899749,0.7468841890823315,0.7868601986249045,0.7897612527593834,"{'n_estimators': [100], 'max_depth': [10]}","['mfcc_mean', 'spec_skew', 'mfcc_1', 'NDSI', 'mfcc_var']",0.6437346437346437,0.6616161616161617,0.6267942583732058,0.7632695207948684,0.6385224274406333,0.555895865237366,0.75,0.6084788424395094,0.5594989561586639,0.6750629722921915,0.47771836007130125,0.650418987981806,0.971183800623053,0.9904686258935663,0.9526355996944232,0.9977246818823586,0.6144578313253012,0.4594594594594595,0.9272727272727272,0.928914230698375
RF,0.6852441539341603,0.9678178963893249,0.614600718320369,0.6537195195290589,0.7490558067507125,0.778838808250573,0.743891573101838,"{'n_estimators': [100], 'max_depth': [10]}","['mfcc_mean', 'wav_approx_std', 'spec_skew', 'wav_detail_lvl4_std']",0.6108597285067874,0.5793991416309013,0.645933014354067,0.5828491668772949,0.62320230105465,0.5813953488372093,0.6714876033057852,0.6038330115659714,0.5618408437200384,0.6078838174273858,0.5222816399286988,0.6033086878282976,0.9678178963893249,0.9951573849878934,0.9419404125286478,0.9963101970394972,0.6625,0.5047619047619047,0.9636363636363636,0.9331568021981288
RF,0.6851375882583126,0.970714564623194,0.6137433441670922,0.670037929277066,0.7449983977932191,0.7857142857142857,0.7846339468469316,"{'n_estimators': [100], 'max_depth': [10]}","['mfcc_mean', 'wav_approx_std', 'mfcc_1', 'NDSI', 'mfcc_var']",0.6448362720403022,0.6808510638297872,0.6124401913875598,0.7499630003941182,0.6387434554973822,0.552870090634441,0.756198347107438,0.5879227562664449,0.556935817805383,0.6641975308641975,0.47950089126559714,0.6690530063496676,0.970714564623194,0.9928115015974441,0.9495798319327731,0.9980938004223304,0.6144578313253012,0.4594594594594595,0.9272727272727272,0.918137170802096
RF,0.6848950407394152,0.9726989079563183,0.6129440739351895,0.6601155594785965,0.7575709326792918,0.7883880825057296,0.7981643650252114,"{'n_estimators': [100], 'max_depth': [10]}","['wav_detail_lvl5_std', 'spec_skew', 'mfcc_1', 'NDSI', 'wav_detail_lvl4_std']",0.6454545454545455,0.6147186147186147,0.6794258373205742,0.7603027122958117,0.640582347588717,0.5723577235772358,0.7272727272727273,0.6334912815736732,0.5645833333333333,0.6791979949874687,0.483065953654189,0.6503012903720863,0.9726989079563183,0.9936254980079682,0.9526355996944232,0.9978276981674624,0.6011560693641619,0.4406779661016949,0.9454545454545454,0.9488988427170229
RF,0.684833125424439,0.9680976762504924,0.6140169877179257,0.6587954692245124,0.7522872446064115,0.7769289533995416,0.7887470896526608,"{'n_estimators': [100], 'max_depth': [10]}","['wav_approx_std', 'mfcc_1', 'spec_kurtosis', 'wav_detail_lvl4_std']",0.6712962962962963,0.6502242152466368,0.69377990430622,0.7763216975463811,0.6234458259325044,0.5467289719626168,0.7252066115702479,0.6102601410977233,0.5271794871794871,0.6207729468599034,0.45811051693404636,0.6367327456911961,0.9680976762504924,0.9991869918699187,0.9388846447669977,0.9970039062874992,0.6341463414634146,0.47706422018348627,0.9454545454545454,0.923416957640504
RF,0.6845904573366511,0.973735789886319,0.6123041241992341,0.6611530812062484,0.7658415240824472,0.7937356760886173,0.8054268669200899,"{'n_estimators': [100], 'max_depth': [10]}","['NDSI', 'wav_detail_lvl3_std', 'wav_detail_lvl4_std']",0.6651884700665188,0.6198347107438017,0.7177033492822966,0.7425902545323233,0.6600361663652803,0.5868167202572347,0.7541322314049587,0.6748843229241647,0.5726405090137858,0.7068062827225131,0.48128342245989303,0.6943799774809478,0.973735789886319,1.0,0.9488158899923606,0.9973642774842009,0.5513513513513514,0.3923076923076923,0.9272727272727272,0.9179155021788132
RF,0.6845815542497746,0.9715621347876899,0.6128364091152958,0.668928709006163,0.745440253526378,0.7864782276546982,0.7960266563069778,"{'n_estimators': [100], 'max_depth': [10]}","['mfcc_mean', 'spec_skew', 'mfcc_1', 'NDSI']",0.6401985111662531,0.6649484536082474,0.6172248803827751,0.7641279700983573,0.6381118881118881,0.553030303030303,0.7541322314049587,0.6378155339482839,0.5585774058577406,0.6759493670886076,0.47593582887700536,0.6538225490850207,0.9715621347876899,0.9912559618441972,0.9526355996944232,0.9974651006592236,0.6144578313253012,0.4594594594594595,0.9272727272727272,0.926902127744003
RF,0.6845810101251588,0.971025841816758,0.6129698022022589,0.6646764806505521,0.7507673778515321,0.7941176470588235,0.776356555107309,"{'n_estimators': [100], 'max_depth': [10]}","['mfcc_mean', 'wav_detail_lvl5_std', 'NDSI', 'wav_detail_lvl4_std']",0.6138613861386139,0.6358974358974359,0.5933014354066986,0.6971045804916652,0.6575591985428051,0.5879478827361564,0.7458677685950413,0.5992978284444896,0.6041874376869392,0.6855203619909502,0.5401069518716578,0.6703385675495878,0.971025841816758,0.9959839357429718,0.9472880061115355,0.9972742998298643,0.576271186440678,0.4180327868852459,0.9272727272727272,0.9177674992209383
RF,0.6844713964652642,0.9697445972495088,0.6131530962692031,0.6606698332131862,0.762621843865863,0.787624140565317,0.7866375557584695,"{'n_estimators': [100], 'max_depth': [10]}","['wav_detail_lvl5_std', 'wav_approx_std', 'mfcc_1', 'mfcc_var', 'wav_detail_lvl4_std']",0.6621621621621622,0.625531914893617,0.7033492822966507,0.7331944200886644,0.6355475763016158,0.5619047619047619,0.731404958677686,0.5864396264653493,0.577124868835257,0.701530612244898,0.49019607843137253,0.6767196580236962,0.9697445972495088,0.9983818770226537,0.9427043544690603,0.9966644196133618,0.5777777777777777,0.416,0.9454545454545454,0.9401696546012756
RF,0.6844241714483572,0.9610696028313016,0.6152628136026211,0.6638289882553557,0.7495875200885053,0.780366692131398,0.7842532936156664,"{'n_estimators': [100], 'max_depth': [10]}","['mfcc_mean', 'spec_skew', 'mfcc_1', 'spec_kurtosis', 'wav_detail_lvl4_std']",0.6206896551724138,0.6395939086294417,0.6028708133971292,0.7060664471753196,0.6414762741652021,0.5581039755351682,0.7541322314049587,0.6238678394697379,0.5641547861507128,0.6579572446555819,0.49376114081996436,0.6466576324386458,0.9610696028313016,0.9902755267423015,0.93353705118411,0.9961900869875047,0.6347305389221557,0.4732142857142857,0.9636363636363636,0.9484844620071243
RF,0.6843558376540134,0.9697445972495088,0.6130086477551395,0.6532967053697084,0.7463612360994855,0.7780748663101604,0.7483382278811374,"{'n_estimators': [100], 'max_depth': [10]}","['mfcc_mean', 'wav_approx_std', 'spec_kurtosis', 'wav_detail_lvl4_std']",0.5954545454545455,0.5670995670995671,0.6267942583732058,0.6096439375389083,0.6345609065155807,0.5843478260869566,0.6942148760330579,0.618621258491664,0.5468599033816425,0.5970464135021097,0.5044563279857398,0.613316369977192,0.9697445972495088,0.9983818770226537,0.9427043544690603,0.9964857975575369,0.6751592356687898,0.5196078431372549,0.9636363636363636,0.9036237758403857
RF,0.6843509107393698,0.9618860510805501,0.6149671256540747,0.6672923815327608,0.7476106893388064,0.7811306340718105,0.7824895892571596,"{'n_estimators': [100], 'max_depth': [10]}","['mfcc_mean', 'spec_skew', 'mfcc_1', 'mfcc_var', 'wav_detail_lvl4_std']",0.625615763546798,0.6446700507614214,0.6076555023923444,0.6941799330313378,0.6402753872633391,0.5486725663716814,0.768595041322314,0.598567378924955,0.5636743215031316,0.6801007556675063,0.48128342245989303,0.6814004861105256,0.9618860510805501,0.9902912621359223,0.935064935064935,0.996217967844755,0.6303030303030303,0.4727272727272727,0.9454545454545454,0.9420821803742246
RF,0.6843132622681092,0.9696969696969697,0.6129673354108941,0.6682150376020686,0.7612470895274159,0.7941176470588235,0.770258283668686,"{'n_estimators': [100], 'max_depth': [10]}","['wav_approx_std', 'NDSI', 'spec_kurtosis', 'wav_detail_lvl3_std']",0.6476190476190476,0.6445497630331753,0.6507177033492823,0.7202975714694195,0.6747404844290658,0.5803571428571429,0.8057851239669421,0.6153637878033668,0.5781584582441114,0.7238605898123325,0.48128342245989303,0.658554242349415,0.9696969696969697,1.0,0.9411764705882353,0.994599783072521,0.5513513513513514,0.3923076923076923,0.9272727272727272,0.8624760336487081
RF,0.6842395692026304,0.9733542319749217,0.6119609035095576,0.661048137327136,0.7508661298360144,0.7857142857142857,0.7894552999263778,"{'n_estimators': [100], 'max_depth': [10]}","['wav_approx_std', 'spec_skew', 'NDSI', 'mfcc_var', 'wav_detail_lvl4_std']",0.6403712296983759,0.6216216216216216,0.6602870813397129,0.7486808585511582,0.64,0.5616224648985959,0.743801652892562,0.6229671723817379,0.553014553014553,0.6633416458852868,0.4741532976827095,0.6530188905207723,0.9733542319749217,0.999195494770716,0.9488158899923606,0.9979894772884897,0.6144578313253012,0.4594594594594595,0.9272727272727272,0.9246201008897305
RF,0.6837826961817285,0.9741985926505082,0.6111787220645336,0.660025767965447,0.7477786590930412,0.7857142857142857,0.7897150476300514,"{'n_estimators': [100], 'max_depth': [10]}","['wav_approx_std', 'spec_skew', 'mfcc_1', 'NDSI', 'wav_detail_lvl4_std']",0.6497695852534562,0.6266666666666667,0.6746411483253588,0.7432436924360193,0.6256781193490054,0.5562700964630225,0.7148760330578512,0.6304168249793107,0.5632065775950668,0.6650485436893204,0.48841354723707664,0.6522992173743336,0.9741985926505082,0.9975980784627703,0.9518716577540107,0.9980332651959741,0.6060606060606061,0.45454545454545453,0.9090909090909091,0.9245822381646197
RF,0.6837620021628331,0.9709576138147566,0.6119630992498523,0.6607145256124829,0.7483942842034595,0.7807486631016043,0.7745399384172178,"{'n_estimators': [100], 'max_depth': [10]}","['wav_approx_std', 'spec_skew', 'mfcc_1', 'NDSI']",0.6557377049180327,0.6422018348623854,0.6698564593301436,0.7466658905747338,0.6325991189427312,0.5514592933947773,0.7417355371900827,0.6121088366758718,0.5337487019730011,0.6393034825870647,0.45811051693404636,0.6001127887745181,0.9709576138147566,0.9983857949959645,0.944996180290298,0.9980573159432462,0.6257668711656442,0.4722222222222222,0.9272727272727272,0.9157548601177196
RF,0.6836077435664261,0.97383834439672,0.6110500933588526,0.6616111715953229,0.7539426714574476,0.7868601986249045,0.7699559384679016,"{'n_estimators': [100], 'max_depth': [10]}","['wav_detail_lvl5_std', 'NDSI', 'mfcc_var']",0.6410835214446953,0.6068376068376068,0.6794258373205742,0.6417609744396852,0.6520210896309314,0.5672782874617737,0.7665289256198347,0.6121212368609393,0.5366379310344828,0.6784741144414169,0.44385026737967914,0.6780201501244079,0.97383834439672,0.9960063897763578,0.9526355996944232,0.9979995952604286,0.6144578313253012,0.4594594594594595,0.9272727272727272,0.9198777356540472
RF,0.6835137458535611,0.970125786163522,0.611860735776071,0.6562938177243811,0.7501970897101773,0.7784568372803667,0.7793057581871212,"{'n_estimators': [100], 'max_depth': [10]}","['mfcc_mean', 'wav_approx_std', 'spec_kurtosis', 'wav_detail_lvl3_std', 'wav_detail_lvl4_std']",0.6308411214953271,0.6164383561643836,0.645933014354067,0.7211450592401283,0.6384892086330936,0.5652866242038217,0.7334710743801653,0.6222893880106304,0.5278058645096056,0.6098130841121495,0.46524064171123,0.6295530102662558,0.970125786163522,0.9991902834008097,0.9427043544690603,0.9962537353090563,0.6503067484662577,0.49074074074074076,0.9636363636363636,0.927287598109536
RF,0.6834378470605313,0.9682228324833267,0.6122416007048325,0.6586669772154484,0.7612875041273577,0.7845683728036669,0.7892101659716984,"{'n_estimators': [100], 'max_depth': [10]}","['wav_detail_lvl5_std', 'wav_approx_std', 'mfcc_var', 'wav_detail_lvl3_std']",0.646551724137931,0.5882352941176471,0.7177033492822966,0.7168028651879497,0.6276978417266187,0.5557324840764332,0.7210743801652892,0.596862941062849,0.5735607675906184,0.713527851458886,0.47950089126559714,0.7085653479281001,0.9682228324833267,0.9951612903225806,0.9427043544690603,0.9966207838697072,0.6011560693641619,0.4406779661016949,0.9454545454545454,0.927198891809886
RF,0.6832751369132057,0.9580885233059147,0.6145717903150285,0.6642897993558974,0.7549313975263876,0.7769289533995416,0.7678954944174808,"{'n_estimators': [100], 'max_depth': [10]}","['mfcc_mean', 'mfcc_1', 'mfcc_var', 'wav_detail_lvl4_std']",0.6528735632183909,0.6283185840707964,0.6794258373205742,0.6850003545572935,0.6092254134029591,0.5263157894736842,0.7231404958677686,0.5459780024799145,0.5726587728740581,0.7228260869565217,0.4741532976827095,0.6891551618557353,0.9580885233059147,0.9831189710610932,0.9343009931245225,0.9948433385968185,0.6235294117647059,0.4608695652173913,0.9636363636363636,0.9245006145976428
RF,0.6831870650420055,0.9726348709929633,0.6108251135542662,0.6636791470700445,0.7451294375949596,0.7845683728036669,0.7930125725178947,"{'n_estimators': [100], 'max_depth': [10]}","['wav_approx_std', 'NDSI', 'spec_kurtosis', 'mfcc_var']",0.645320197044335,0.6649746192893401,0.6267942583732058,0.785724962274229,0.6382222222222222,0.5600624024960998,0.7417355371900827,0.6288164170407611,0.5489795918367347,0.6420047732696897,0.47950089126559714,0.6331921461871295,0.9726348709929633,0.9959967974379503,0.9503437738731857,0.9980958822126306,0.6107784431137725,0.45535714285714285,0.9272727272727272,0.9192334548747235
RF,0.6831500603284272,0.9614779874213837,0.613568078555188,0.6630785481308827,0.7471692844166811,0.7799847211611918,0.7798502530138605,"{'n_estimators': [100], 'max_depth': [10]}","['mfcc_mean', 'spec_skew', 'mfcc_var', 'wav_detail_lvl4_std']",0.6089108910891089,0.6307692307692307,0.5885167464114832,0.6917536287067344,0.6391571553994733,0.5557251908396946,0.7520661157024794,0.6024423284745208,0.5676500508646999,0.6611374407582938,0.49732620320855614,0.6652712586485208,0.9614779874213837,0.9902834008097166,0.9343009931245225,0.9960267390359594,0.6385542168674698,0.4774774774774775,0.9636363636363636,0.9437573102035666
RF,0.6827044095095846,0.9457425742574257,0.6169448683226243,0.660697696619328,0.7571174777000839,0.771581359816654,0.7882779201311315,"{'n_estimators': [100], 'max_depth': [10]}","['mfcc_1', 'wav_detail_lvl3_std', 'wav_detail_lvl4_std']",0.6784140969162996,0.6285714285714286,0.7368421052631579,0.7646943376055513,0.6218776916451335,0.5332348596750369,0.7458677685950413,0.5677941573533294,0.5603448275862069,0.7084468664850136,0.46345811051693403,0.7130259203545478,0.9457425742574257,0.9819078947368421,0.9121466768525592,0.9903709517412123,0.6071428571428571,0.45132743362831856,0.9272727272727272,0.9055042336010173
RF,0.6826815929267583,0.9603143418467583,0.6132734056967584,0.6622011219640458,0.7429205122675429,0.7669977081741788,0.785700481043981,"{'n_estimators': [100], 'max_depth': [10]}","['mfcc_mean', 'spec_kurtosis', 'mfcc_var']",0.6508313539192399,0.6462264150943396,0.6555023923444976,0.7617906186386811,0.6020583190394511,0.5146627565982405,0.7252066115702479,0.5934965207864761,0.5163329820864068,0.6314432989690721,0.43672014260249553,0.6284501221595201,0.9603143418467583,0.988673139158576,0.93353705118411,0.9953265880842059,0.6838709677419355,0.53,0.9636363636363636,0.9494385555510214
RF,0.6823902318437796,0.9651663405088062,0.6116962046775228,0.6623974730313572,0.7491044212378297,0.7773109243697479,0.7806321514889406,"{'n_estimators': [100], 'max_depth': [10]}","['mfcc_mean', 'wav_detail_lvl5_std', 'mfcc_var']",0.6293706293706294,0.6136363636363636,0.645933014354067,0.7128361029999486,0.6114982578397212,0.5286144578313253,0.7252066115702479,0.5658712898384698,0.5595744680851064,0.6939313984168866,0.46880570409982175,0.6709152123206726,0.9651663405088062,0.9895666131621188,0.9419404125286478,0.9959801354906306,0.6463414634146342,0.48623853211009177,0.9636363636363636,0.9575580167949814
RF,0.6822147575554393,0.9705304518664047,0.610135833977698,0.656111707100402,0.7565152185276024,0.7887700534759359,0.7994201353001271,"{'n_estimators': [100], 'max_depth': [10]}","['wav_detail_lvl5_std', 'wav_approx_std', 'NDSI', 'spec_kurtosis', 'wav_detail_lvl3_std', 'wav_detail_lvl4_std']",0.6292134831460674,0.5932203389830508,0.6698564593301436,0.7519287497196696,0.659400544959128,0.5883306320907618,0.75,0.6545881837476881,0.5690721649484536,0.6748166259168704,0.4919786096256685,0.6611115294074402,0.9705304518664047,0.9991909385113269,0.9434682964094728,0.9966775830299127,0.5828571428571429,0.425,0.9272727272727272,0.9327946305959245
RF,0.6822139967615045,0.9725490196078431,0.6096302410499198,0.6618969842129967,0.7541281741056579,0.7864782276546982,0.7900455002127678,"{'n_estimators': [100], 'max_depth': [10]}","['wav_detail_lvl5_std', 'wav_approx_std', 'NDSI', 'mfcc_var']",0.6467889908256881,0.6211453744493393,0.6746411483253588,0.7078707313077917,0.6404199475065617,0.5553869499241275,0.756198347107438,0.6284497923208436,0.558288770053476,0.6978609625668449,0.46524064171123,0.6806912418003703,0.9725490196078431,0.9991941982272361,0.9472880061115355,0.9974202356960471,0.5930232558139535,0.4358974358974359,0.9272727272727272,0.935795499938786
RF,0.6821321984906261,0.9685534591194969,0.6105268833334085,0.6520334274853935,0.7428888945747939,0.7784568372803667,0.7422965545488159,"{'n_estimators': [100], 'max_depth': [10]}","['mfcc_mean', 'wav_approx_std', 'wav_detail_lvl4_std']",0.5515695067264574,0.5189873417721519,0.5885167464114832,0.5521778861307526,0.6437209302325582,0.5854483925549916,0.7148760330578512,0.5721366731816491,0.5585054080629301,0.6228070175438597,0.5062388591800356,0.6288006253954936,0.9685534591194969,0.9975708502024292,0.9411764705882353,0.9962160265796326,0.6883116883116883,0.5353535353535354,0.9636363636363636,0.9621515614565512
RF,0.6820413768411908,0.9678178963893249,0.6105972469541573,0.6579538871172568,0.7605096357812373,0.786096256684492,0.7792829543275437,"{'n_estimators': [100], 'max_depth': [10]}","['wav_detail_lvl5_std', 'mfcc_var', 'wav_detail_lvl4_std']",0.6573426573426573,0.6409090909090909,0.6746411483253588,0.711823214071862,0.63003663003663,0.5657894736842105,0.7107438016528925,0.5809688642747153,0.5851172273190621,0.6833333333333333,0.5115864527629234,0.6779502106178914,0.9678178963893249,0.9951573849878934,0.9419404125286478,0.995376234375493,0.5698924731182796,0.40458015267175573,0.9636363636363636,0.9302962482977569
RF,0.6819720014889583,0.9627597020776166,0.6117750763417937,0.6606416819505847,0.7620744983508846,0.7838044308632544,0.8000222989230368,"{'n_estimators': [100], 'max_depth': [10]}","['wav_detail_lvl5_std', 'mfcc_1', 'wav_detail_lvl3_std', 'wav_detail_lvl4_std']",0.6636155606407322,0.6359649122807017,0.69377990430622,0.7513732107008588,0.6248880931065354,0.5513428120063191,0.7210743801652892,0.6187656643171533,0.5856236786469344,0.7194805194805195,0.49376114081996436,0.6980371493031905,0.9627597020776166,0.9887278582930756,0.9381207028265852,0.9956940917760865,0.572972972972973,0.4076923076923077,0.9636363636363636,0.9362413785178948
RF,0.6817873160896768,0.9739805825242719,0.608738999481028,0.6674901750833073,0.7411992791897098,0.786096256684492,0.7999172506021367,"{'n_estimators': [100], 'max_depth': [10]}","['mfcc_mean', 'mfcc_1', 'NDSI', 'spec_kurtosis']",0.6313131313131313,0.6684491978609626,0.5980861244019139,0.7834818476693313,0.6380368098159509,0.5540334855403348,0.7520661157024794,0.6373605414330297,0.5511482254697286,0.6649874055415617,0.47058823529411764,0.6445511987038449,0.9739805825242719,0.990521327014218,0.957983193277311,0.9978971681519637,0.6144578313253012,0.4594594594594595,0.9272727272727272,0.936295497052514
RF,0.6817163247622926,0.970102281667978,0.6096198355358713,0.6505697938425212,0.7484267182297015,0.7738731856378915,0.7707739904852094,"{'n_estimators': [100], 'max_depth': [10]}","['mfcc_mean', 'wav_approx_std', 'wav_detail_lvl3_std', 'wav_detail_lvl4_std']",0.6226012793176973,0.5615384615384615,0.6985645933014354,0.7213305046506202,0.6189164370982553,0.5570247933884298,0.6962809917355371,0.5738321528154822,0.5259938837920489,0.6142857142857143,0.45989304812834225,0.6439539644580314,0.970102281667978,1.0,0.9419404125286478,0.9958827942972444,0.6709677419354839,0.52,0.9454545454545454,0.9188705362046693
RF,0.6816867639914723,0.9705304518664047,0.6094758420227392,0.6597490654933942,0.7544904677834595,0.7857142857142857,0.7879721797746149,"{'n_estimators': [100], 'max_depth': [10]}","['wav_detail_lvl5_std', 'wav_approx_std', 'mfcc_1', 'NDSI']",0.6409090909090909,0.6103896103896104,0.6746411483253588,0.7109380157974124,0.6449912126537786,0.5611620795107034,0.7582644628099173,0.621190551573323,0.5589798087141339,0.6921052631578948,0.46880570409982175,0.6738515178927847,0.9705304518664047,0.9991909385113269,0.9434682964094728,0.9976096676749693,0.5930232558139535,0.4358974358974359,0.9272727272727272,0.9362711459345844
RF,0.6816229594665211,0.9697208022021234,0.6095984987826204,0.6578596092059502,0.7524027862558682,0.7887700534759359,0.8022196595416439,"{'n_estimators': [100], 'max_depth': [10]}","['wav_detail_lvl5_std', 'wav_approx_std', 'spec_skew', 'NDSI', 'spec_kurtosis', 'wav_detail_lvl3_std', 'wav_detail_lvl4_std']",0.6111111111111112,0.5919282511210763,0.631578947368421,0.7581665442675056,0.6594982078853047,0.5822784810126582,0.7603305785123967,0.6668307637129334,0.5781893004115226,0.683698296836983,0.5008912655971479,0.6566662162933788,0.9697208022021234,0.9991896272285251,0.9419404125286478,0.9966212920765702,0.5895953757225434,0.4322033898305085,0.9272727272727272,0.9328134813578317
RF,0.681429319470853,0.9727838258164853,0.6085906928844449,0.6565401928293739,0.7437208115085965,0.7830404889228418,0.7555084898956518,"{'n_estimators': [100], 'max_depth': [10]}","['spec_skew', 'mfcc_1', 'NDSI', 'spec_kurtosis', 'mfcc_var']",0.639269406392694,0.611353711790393,0.6698564593301436,0.7163706074384802,0.6332116788321168,0.5669934640522876,0.7169421487603306,0.5942204656317791,0.5407636738906089,0.6421568627450981,0.46702317290552586,0.6101766557721231,0.9727838258164853,0.9904988123515439,0.9556913674560733,0.9982383837879275,0.6211180124223602,0.4716981132075472,0.9090909090909091,0.8585363368479489
RF,0.6813712113774602,0.9709576138147566,0.608974610768136,0.6537583154684509,0.7616020727560271,0.7822765469824293,0.7837772297627444,"{'n_estimators': [100], 'max_depth': [10]}","['wav_detail_lvl5_std', 'NDSI', 'wav_detail_lvl3_std']",0.642570281124498,0.5536332179930796,0.7655502392344498,0.6574336086097221,0.6431159420289855,0.5725806451612904,0.7334710743801653,0.680893765148747,0.5320304017372421,0.6805555555555556,0.43672014260249553,0.6655076683697333,0.9709576138147566,0.9983857949959645,0.944996180290298,0.9961261484709039,0.6181818181818182,0.4636363636363636,0.9272727272727272,0.9189249582146162
RF,0.681163026688753,0.9717203456402199,0.6085236969508863,0.6543743719221827,0.7612651828891626,0.7914438502673797,0.7836716002402231,"{'n_estimators': [100], 'max_depth': [10]}","['wav_detail_lvl5_std', 'wav_approx_std', 'NDSI', 'wav_detail_lvl3_std', 'wav_detail_lvl4_std']",0.625,0.5686274509803921,0.69377990430622,0.6797033327294743,0.6598890942698706,0.596989966555184,0.737603305785124,0.6315832488377393,0.5856697819314641,0.7014925373134329,0.5026737967914439,0.6995640592820094,0.9717203456402199,1.0,0.944996180290298,0.9968114847277041,0.56353591160221,0.40476190476190477,0.9272727272727272,0.910695875624188
RF,0.6807161715694494,0.970102281667978,0.6083696440448173,0.6520217846519836,0.7481503832502987,0.7734912146676852,0.7780054612836118,"{'n_estimators': [100], 'max_depth': [10]}","['wav_approx_std', 'spec_skew', 'mfcc_1', 'wav_detail_lvl4_std']",0.6473214285714286,0.606694560669456,0.69377990430622,0.741717897511429,0.6243291592128801,0.5504731861198738,0.7210743801652892,0.5918645645852356,0.5077399380804953,0.6029411764705882,0.4385026737967914,0.6255620002808788,0.970102281667978,1.0,0.9419404125286478,0.9971430058143038,0.6540880503144654,0.5,0.9454545454545454,0.9337398382262118
RF,0.6806859972436013,0.9598741148701809,0.6108889678369565,0.6612698806343933,0.7445309433038114,0.7711993888464477,0.7904018913067293,"{'n_estimators': [100], 'max_depth': [10]}","['mfcc_mean', 'spec_skew', 'spec_kurtosis', 'mfcc_var']",0.636144578313253,0.6407766990291263,0.631578947368421,0.7473495707205315,0.6122098022355976,0.524300441826215,0.7355371900826446,0.6085028278294362,0.5408805031446541,0.6564885496183206,0.45989304812834225,0.6464403638788434,0.9598741148701809,0.9894566098945661,0.932009167303285,0.9958755687224117,0.654320987654321,0.4953271028037383,0.9636363636363636,0.9538411253824239
RF,0.6805853897950884,0.9664694280078896,0.6091143802418881,0.6496274799332107,0.7523393802932221,0.7742551566080977,0.7832975326203984,"{'n_estimators': [100], 'max_depth': [10]}","['wav_detail_lvl5_std', 'wav_approx_std', 'spec_kurtosis', 'wav_detail_lvl3_std', 'wav_detail_lvl4_std']",0.6119733924611973,0.5702479338842975,0.6602870813397129,0.7169367657376959,0.6221408966148216,0.5582922824302134,0.7024793388429752,0.6224469628830276,0.5438066465256798,0.625,0.48128342245989303,0.631649378755841,0.9664694280078896,0.9991843393148451,0.9358288770053476,0.9958085398590608,0.6585365853658537,0.4954128440366973,0.9818181818181818,0.9496460158663667
RF,0.6804528076951764,0.964836033188463,0.6093570013218548,0.6543227137437817,0.7596942648307692,0.7796027501909855,0.7640202313231585,"{'n_estimators': [100], 'max_depth': [10]}","['wav_detail_lvl5_std', 'wav_approx_std', 'spec_skew']",0.5789473684210527,0.5344129554655871,0.631578947368421,0.5920300685602561,0.6538124452234881,0.5677321156773212,0.7706611570247934,0.6253339266781256,0.5537806176783813,0.6878306878306878,0.46345811051693403,0.6412017086340462,0.964836033188463,0.9991816693944353,0.9327731092436975,0.9946196992968817,0.650887573964497,0.4824561403508772,1.0,0.9669157534464832
RF,0.680430725011463,0.970783015192832,0.6078426524661207,0.6635179720262288,0.7423748603399603,0.780366692131398,0.7990298034103427,"{'n_estimators': [100], 'max_depth': [10]}","['mfcc_mean', 'spec_skew', 'mfcc_1', 'NDSI', 'spec_kurtosis', 'mfcc_var']",0.6552567237163814,0.67,0.6411483253588517,0.7761258588520563,0.621172353455818,0.5386949924127465,0.7334710743801653,0.6364810405862549,0.5404837013669821,0.658974358974359,0.45811051693404636,0.6499542410035124,0.970783015192832,0.9904610492845787,0.9518716577540107,0.9977689163730553,0.6144578313253012,0.4594594594594595,0.9272727272727272,0.9348189602368345
RF,0.6802652897611833,0.9666535896429973,0.6086682147907299,0.6553336840433615,0.7489954711767265,0.778838808250573,0.7885149360620481,"{'n_estimators': [100], 'max_depth': [10]}","['wav_approx_std', 'spec_skew', 'spec_kurtosis', 'mfcc_var', 'wav_detail_lvl4_std']",0.6357308584686775,0.6171171171171171,0.6555023923444976,0.7487002379507963,0.6369313113291704,0.5604395604395604,0.737603305785124,0.6284858433853616,0.5392561983471075,0.6412776412776413,0.46524064171123,0.6370853954209773,0.9666535896429973,0.9935483870967742,0.9411764705882353,0.9966966959815083,0.6227544910179641,0.4642857142857143,0.9454545454545454,0.931606507571597
RF,0.680253550235187,0.9693396226415094,0.6079820321336064,0.654913331994986,0.7565713505933038,0.7811306340718105,0.7799111678252226,"{'n_estimators': [100], 'max_depth': [10]}","['wav_detail_lvl5_std', 'wav_approx_std', 'mfcc_var']",0.669683257918552,0.6351931330472103,0.7081339712918661,0.7122365941655824,0.6148282097649186,0.5466237942122186,0.7024793388429752,0.5896628155677692,0.5631469979296067,0.671604938271605,0.48484848484848486,0.6727105118755315,0.9693396226415094,0.9983805668016195,0.9419404125286478,0.996185463375825,0.5842696629213483,0.42276422764227645,0.9454545454545454,0.9287604541414053
RF,0.6801943711948422,0.971830985915493,0.6072852175146795,0.6551953173371535,0.7448541382625256,0.780366692131398,0.7960339688624736,"{'n_estimators': [100], 'max_depth': [10]}","['wav_approx_std', 'spec_skew', 'mfcc_1', 'NDSI', 'spec_kurtosis', 'wav_detail_lvl4_std']",0.6403712296983759,0.6216216216216216,0.6602870813397129,0.7594484641696917,0.6206896551724138,0.5533980582524272,0.7066115702479339,0.6382662300762822,0.5498981670061099,0.6413301662707839,0.48128342245989303,0.6412705548810792,0.971830985915493,0.9959903769045709,0.9488158899923606,0.9979442274432502,0.6181818181818182,0.4636363636363636,0.9272727272727272,0.9432403677420647
RF,0.6801678637536874,0.966327329678935,0.6086279972723755,0.6621728502445267,0.737381969751798,0.7738731856378915,0.7835591396644506,"{'n_estimators': [100], 'max_depth': [10]}","['mfcc_mean', 'wav_approx_std', 'mfcc_1', 'spec_kurtosis', 'mfcc_var']",0.6334164588528678,0.6614583333333334,0.6076555023923444,0.7762292102117159,0.6082383873794917,0.528158295281583,0.7169421487603306,0.5878248508986372,0.5428571428571428,0.6348448687350835,0.4741532976827095,0.6381380810194729,0.966327329678935,0.9911646586345382,0.9427043544690603,0.9968123583244918,0.65,0.49523809523809526,0.9454545454545454,0.918791197867935
RF,0.6801336748165688,0.9655172413793104,0.6087877831758834,0.6552711217064184,0.7569384813516533,0.7818945760122231,0.7713340724060898,"{'n_estimators': [100], 'max_depth': [10]}","['wav_detail_lvl5_std', 'mfcc_1', 'wav_detail_lvl4_std']",0.6604651162790698,0.6425339366515838,0.6794258373205742,0.7075626334937197,0.6182152713891444,0.5572139303482587,0.6942148760330579,0.5698166940814476,0.5772357723577236,0.6713947990543735,0.5062388591800356,0.6521387939412957,0.9655172413793104,0.9911504424778761,0.9411764705882353,0.9955155519928105,0.5792349726775956,0.4140625,0.9636363636363636,0.9316366885211751
RF,0.6801181406405492,0.9652448657187994,0.6088364593709867,0.6514621327861861,0.7508733306284672,0.7796027501909855,0.7585215009394093,"{'n_estimators': [100], 'max_depth': [10]}","['wav_detail_lvl5_std', 'wav_approx_std', 'spec_skew', 'wav_detail_lvl4_std']",0.573394495412844,0.5506607929515418,0.5980861244019139,0.6191089431099974,0.6418181818181818,0.573051948051948,0.7293388429752066,0.6100687923311163,0.5734265734265734,0.6522727272727272,0.5115864527629234,0.6179749945461352,0.9652448657187994,0.9991823385118561,0.93353705118411,0.995609742357995,0.6467065868263473,0.48214285714285715,0.9818181818181818,0.9498450323518017
RF,0.6800428980435675,0.9719844357976654,0.6070575136050431,0.664053170162163,0.7361618679659772,0.7868601986249045,0.7763742265536375,"{'n_estimators': [100], 'max_depth': [10]}","['mfcc_mean', 'mfcc_1', 'NDSI', 'mfcc_var']",0.6025316455696202,0.6397849462365591,0.569377990430622,0.7141477055575847,0.648936170212766,0.5683229813664596,0.756198347107438,0.5783805040291425,0.563265306122449,0.6587112171837709,0.4919786096256685,0.6783827598768346,0.9719844357976654,0.9904837430610627,0.9541634835752483,0.9979336650083379,0.6134969325153374,0.46296296296296297,0.9090909090909091,0.9130264982962877
RF,0.6800369922199948,0.9698394046220133,0.6075863891194903,0.6530517864000112,0.7516375040664374,0.7826585179526356,0.7804651119185249,"{'n_estimators': [100], 'max_depth': [10]}","['wav_detail_lvl5_std', 'NDSI', 'spec_kurtosis', 'wav_detail_lvl4_std']",0.6457399103139013,0.6075949367088608,0.6889952153110048,0.7182032109825489,0.6336996336996337,0.569078947368421,0.7148760330578512,0.6513251797818435,0.5544147843942505,0.6537530266343826,0.48128342245989303,0.6009625602323487,0.9698394046220133,0.9951768488745981,0.9457601222307105,0.9960667709517215,0.5964912280701754,0.4396551724137931,0.9272727272727272,0.9357678376441613
RF,0.6798510066423963,0.9621152328334649,0.609284950094629,0.6613402686411896,0.7530292308310884,0.7834224598930482,0.7799764340411064,"{'n_estimators': [100], 'max_depth': [10]}","['NDSI', 'spec_kurtosis', 'wav_detail_lvl3_std']",0.6122448979591837,0.5818965517241379,0.645933014354067,0.7357210464500075,0.6581196581196581,0.5612244897959183,0.7954545454545454,0.6166533185583527,0.5667752442996743,0.725,0.46524064171123,0.6387630830909425,0.9621152328334649,0.9951020408163266,0.9312452253628725,0.9926207366885964,0.6,0.4434782608695652,0.9272727272727272,0.9161239854176326
RF,0.6798271510820676,0.9633714060653801,0.6089410873362395,0.6501278369704477,0.7496997111154161,0.7742551566080977,0.772566443506899,"{'n_estimators': [100], 'max_depth': [10]}","['wav_detail_lvl5_std', 'spec_skew', 'spec_kurtosis', 'wav_detail_lvl3_std', 'wav_detail_lvl4_std']",0.6111111111111112,0.5521235521235521,0.6842105263157895,0.7052646291204263,0.6328195829555757,0.5638126009693053,0.7210743801652892,0.6566810637333707,0.5377456049638056,0.6403940886699507,0.46345811051693403,0.5808260685140303,0.9633714060653801,0.9943089430894309,0.9343009931245225,0.9950234380250892,0.6540880503144654,0.5,0.9454545454545454,0.9250370181415785
RF,0.6797498057832758,0.9636937647987371,0.6087638160294104,0.6571769016902189,0.7556359786193729,0.7822765469824293,0.7706970744370303,"{'n_estimators': [100], 'max_depth': [10]}","['spec_skew', 'NDSI', 'spec_kurtosis', 'wav_detail_lvl3_std']",0.6227272727272727,0.5930735930735931,0.6555023923444976,0.7259103445164756,0.6573913043478261,0.5675675675675675,0.78099173553719,0.5980948938721293,0.5537806176783813,0.6878306878306878,0.46345811051693403,0.652133597893177,0.9636937647987371,0.996734693877551,0.9327731092436975,0.9930979450889227,0.6011560693641619,0.4406779661016949,0.9454545454545454,0.8842485908144468
RF,0.6793873246593056,0.9591194968553459,0.6094542816102956,0.6611335563716263,0.7390723892862929,0.7685255920550038,0.7860234667364787,"{'n_estimators': [100], 'max_depth': [10]}","['mfcc_mean', 'spec_skew', 'mfcc_1', 'spec_kurtosis', 'mfcc_var']",0.6456310679611651,0.6551724137931034,0.6363636363636364,0.7576823345328028,0.6030927835051546,0.5161764705882353,0.7252066115702479,0.5895173513582144,0.5350052246603971,0.6464646464646465,0.4563279857397504,0.6412807913930548,0.9591194968553459,0.9878542510121457,0.932009167303285,0.9956471343986543,0.6540880503144654,0.5,0.9454545454545454,0.9459897219996677
RF,0.6792117538325284,0.9721677773422187,0.6059727479551059,0.6528292870262743,0.7589461256446902,0.7883880825057296,0.7915418727480444,"{'n_estimators': [100], 'max_depth': [10]}","['wav_detail_lvl5_std', 'NDSI', 'wav_detail_lvl3_std', 'wav_detail_lvl4_std']",0.6336206896551724,0.5764705882352941,0.7033492822966507,0.6974419680520966,0.653211009174312,0.5874587458745875,0.7355371900826446,0.6763376587581285,0.5672268907563025,0.690537084398977,0.48128342245989303,0.6768623910287868,0.9721677773422187,0.998389694041868,0.9472880061115355,0.996590417332941,0.5698324022346368,0.4112903225806452,0.9272727272727272,0.9104769285682692
RF,0.6791713057706683,0.9721895808852331,0.6059167369920271,0.6552107599880843,0.7541642024360853,0.7845683728036669,0.7735523918892779,"{'n_estimators': [100], 'max_depth': [10]}","['wav_detail_lvl5_std', 'mfcc_1', 'NDSI', 'wav_detail_lvl4_std']",0.6233183856502242,0.5864978902953587,0.6650717703349283,0.6715645892346667,0.6488888888888888,0.5694227769110765,0.7541322314049587,0.60332378323608,0.5468085106382978,0.6781002638522428,0.45811051693404636,0.661350575763061,0.9721895808852331,0.997588424437299,0.948051948051948,0.9979810346965223,0.6046511627906976,0.4444444444444444,0.9454545454545454,0.9335419765160596
RF,0.6788513158936119,0.9725274725274725,0.6054322767351468,0.6552971682385313,0.753529326476132,0.7914438502673797,0.7830253219753496,"{'n_estimators': [100], 'max_depth': [10]}","['wav_approx_std', 'NDSI', 'spec_kurtosis', 'wav_detail_lvl3_std', 'wav_detail_lvl4_std']",0.605080831408776,0.5848214285714286,0.6267942583732058,0.7308119054851974,0.6768676867686768,0.5996810207336523,0.7768595041322314,0.6401177537602325,0.5699481865284974,0.6806930693069307,0.49019607843137253,0.6454164009130069,0.9725274725274725,1.0,0.946524064171123,0.9969260290872067,0.5698324022346368,0.4112903225806452,0.9272727272727272,0.9018545206311044
RF,0.6787640783104718,0.9713388299960738,0.6056203903890713,0.6554046791367134,0.7515452705658165,0.7849503437738732,0.7868219199409623,"{'n_estimators': [100], 'max_depth': [10]}","['wav_detail_lvl5_std', 'wav_approx_std', 'mfcc_1', 'NDSI', 'wav_detail_lvl4_std']",0.6303854875283447,0.5991379310344828,0.6650717703349283,0.7035798612899934,0.6368515205724508,0.5615141955835962,0.7355371900826446,0.603861930651401,0.5690376569037657,0.6886075949367089,0.48484848484848486,0.6918126355904775,0.9713388299960738,0.9991922455573505,0.944996180290298,0.9976580064092361,0.5862068965517241,0.42857142857142855,0.9272727272727272,0.9371971657637037
RF,0.6785645860291306,0.9701960784313726,0.6056567129285702,0.6555109054123982,0.7424210989310904,0.7765469824293354,0.7831044311793619,"{'n_estimators': [100], 'max_depth': [10]}","['wav_approx_std', 'mfcc_1', 'NDSI', 'spec_kurtosis']",0.6571428571428571,0.6540284360189573,0.6602870813397129,0.765116249614051,0.6153846153846154,0.5425867507886435,0.7107438016528925,0.6212442104940398,0.5356415478615071,0.6247030878859857,0.46880570409982175,0.6136698231945708,0.9701960784313726,0.9967767929089444,0.944996180290298,0.9980488974057355,0.6144578313253012,0.4594594594594595,0.9272727272727272,0.9174429751884121
RF,0.6783999981996284,0.970125786163522,0.6054685512086551,0.6540079608500662,0.751045199288937,0.786096256684492,0.7906244056986742,"{'n_estimators': [100], 'max_depth': [10]}","['wav_detail_lvl5_std', 'wav_approx_std', 'NDSI', 'spec_kurtosis', 'wav_detail_lvl4_std']",0.611764705882353,0.6018518518518519,0.6220095693779905,0.7184298739470214,0.6460418562329391,0.5772357723577236,0.7334710743801653,0.6422414706490737,0.5797979797979798,0.668997668997669,0.5115864527629234,0.6497816998766205,0.970125786163522,0.9991902834008097,0.9427043544690603,0.9964220851733735,0.5842696629213483,0.42276422764227645,0.9454545454545454,0.9462468988472814
RF,0.6783062957013648,0.960691823899371,0.6077099136518632,0.6512299166961938,0.7495798441168551,0.7750190985485104,0.7610363342619338,"{'n_estimators': [100], 'max_depth': [10]}","['wav_detail_lvl5_std', 'spec_skew', 'wav_detail_lvl4_std']",0.6071428571428571,0.5690376569037657,0.6507177033492823,0.6453411722008814,0.6252252252252253,0.5543130990415336,0.7169421487603306,0.6284252040600422,0.5599173553719008,0.6658476658476659,0.483065953654189,0.5887381210924562,0.960691823899371,0.9894736842105263,0.93353705118411,0.9950653771025778,0.6385542168674698,0.4774774774774775,0.9636363636363636,0.9476117968537114
RF,0.6782596594325442,0.959087332808812,0.6080527410884773,0.6552988305678785,0.7586729463425212,0.778838808250573,0.7828453609335726,"{'n_estimators': [100], 'max_depth': [10]}","['wav_detail_lvl5_std', 'mfcc_1', 'mfcc_var', 'wav_detail_lvl3_std']",0.6697674418604651,0.6515837104072398,0.6889952153110048,0.7064997979731968,0.6271338724168913,0.5548489666136724,0.7210743801652892,0.6068269917048102,0.5684647302904564,0.6799007444168734,0.48841354723707664,0.6842767973092329,0.959087332808812,0.9886455798864558,0.9312452253628725,0.9952280036399463,0.5668449197860963,0.4015151515151515,0.9636363636363636,0.9213952140406773
RF,0.6782186133477844,0.9745397571484528,0.6041383273976173,0.6565175668129435,0.748749084670841,0.7841864018334607,0.7811789718868216,"{'n_estimators': [100], 'max_depth': [10]}","['wav_approx_std', 'mfcc_1', 'NDSI', 'wav_detail_lvl4_std']",0.6448598130841121,0.6301369863013698,0.6602870813397129,0.7467429565104968,0.6316725978647687,0.5546875,0.7334710743801653,0.5933266877291318,0.5538140020898642,0.6691919191919192,0.47237076648841353,0.6559903145571033,0.9745397571484528,1.0,0.9503437738731857,0.9981074126885277,0.5862068965517241,0.42857142857142855,0.9272727272727272,0.9117274879488487
RF,0.6781503187859272,0.9612954186413902,0.6073640438220614,0.6564990752643793,0.759607038987844,0.7792207792207793,0.7953343511644505,"{'n_estimators': [100], 'max_depth': [10]}","['wav_detail_lvl5_std', 'mfcc_var', 'wav_detail_lvl3_std']",0.6651270207852193,0.6428571428571429,0.6889952153110048,0.7190173298413344,0.6224580017683466,0.5440494590417311,0.7272727272727273,0.6170235795520967,0.5750262329485835,0.6989795918367347,0.48841354723707664,0.7142130932428739,0.9612954186413902,0.9950940310711366,0.9297173414820473,0.9955176128661413,0.5668449197860963,0.4015151515151515,0.9636363636363636,0.9309001403198057
RF,0.6780954583876831,0.9668769716088328,0.6059000800823957,0.6507264520234064,0.753383860721322,0.7799847211611918,0.7787312648261586,"{'n_estimators': [100], 'max_depth': [10]}","['wav_detail_lvl5_std', 'wav_approx_std', 'spec_skew', 'spec_kurtosis', 'wav_detail_lvl3_std', 'wav_detail_lvl4_std']",0.581081081081081,0.548936170212766,0.6172248803827751,0.7046747635641137,0.6493738819320215,0.5725552050473186,0.75,0.6348681457480708,0.5578512396694215,0.6633906633906634,0.48128342245989303,0.6147368248744403,0.9668769716088328,0.9991850040749797,0.9365928189457601,0.9953839734094793,0.6352941176470588,0.46956521739130436,0.9818181818181818,0.9439926165346894
RF,0.6779086348962811,0.9709119496855346,0.6046578061989676,0.6536503342380757,0.7507224185890102,0.787624140565317,0.7802943732858354,"{'n_estimators': [100], 'max_depth': [10]}","['wav_approx_std', 'spec_skew', 'NDSI', 'spec_kurtosis', 'wav_detail_lvl3_std', 'wav_detail_lvl4_std']",0.6064814814814815,0.5874439461883408,0.6267942583732058,0.718477698639197,0.6714413607878246,0.5924170616113744,0.7747933884297521,0.659466215369606,0.5578512396694215,0.6633906633906634,0.48128342245989303,0.6423072985400338,0.9709119496855346,1.0,0.9434682964094728,0.9966244076646052,0.5828571428571429,0.425,0.9272727272727272,0.8845962462157348
RF,0.6775567042313009,0.9732246798603027,0.6036397103240504,0.6605623293498871,0.7376196324549829,0.7857142857142857,0.7885704621646017,"{'n_estimators': [100], 'max_depth': [10]}","['mfcc_mean', 'mfcc_1', 'NDSI']",0.6067961165048543,0.6157635467980296,0.5980861244019139,0.7240483237771926,0.6437389770723104,0.5615384615384615,0.7541322314049587,0.6009115785482908,0.5542676501580611,0.6778350515463918,0.46880570409982175,0.7062600285886858,0.9732246798603027,0.9889589905362776,0.957983193277311,0.9980856079711872,0.6097560975609756,0.45871559633027525,0.9090909090909091,0.9135467719376524
RF,0.6774411750859276,0.9713163064833006,0.6039723922365844,0.6586214750937731,0.7564351691089659,0.7918258212375859,0.7855509762514803,"{'n_estimators': [100], 'max_depth': [10]}","['wav_detail_lvl5_std', 'wav_approx_std', 'spec_skew', 'NDSI', 'wav_detail_lvl3_std']",0.6045454545454545,0.5757575757575758,0.6363636363636364,0.7118892900584772,0.6794759825327511,0.5885022692889561,0.8037190082644629,0.6397542016986351,0.5714285714285714,0.7272727272727273,0.47058823529411764,0.6574541599832138,0.9713163064833006,1.0,0.9442322383498855,0.9959732359913207,0.5604395604395604,0.4015748031496063,0.9272727272727272,0.922683993525754
RF,0.6773827740698507,0.9584788513775708,0.6071087547429206,0.6635851217979098,0.7385774962442568,0.773109243697479,0.7584094885870145,"{'n_estimators': [100], 'max_depth': [10]}","['mfcc_mean', 'mfcc_1', 'mfcc_var']",0.6445012787723785,0.6923076923076923,0.6028708133971292,0.7246277804841147,0.5975177304964538,0.5232919254658385,0.6962809917355371,0.5432803395962906,0.5628865979381443,0.6674816625916871,0.48663101604278075,0.6553495811472345,0.9584788513775708,0.9739747634069401,0.9434682964094728,0.9935688856993252,0.6235294117647059,0.4608695652173913,0.9636363636363636,0.8752208560081072
RF,0.6773804717748207,0.9675146771037182,0.6048469204425964,0.6499904919010164,0.7522726602602764,0.7818945760122231,0.7711148753817303,"{'n_estimators': [100], 'max_depth': [10]}","['wav_detail_lvl5_std', 'spec_skew', 'NDSI', 'wav_detail_lvl4_std']",0.6331877729257642,0.5823293172690763,0.69377990430622,0.673107401037707,0.6446886446886447,0.5789473684210527,0.7272727272727273,0.6574168318476762,0.5484880083420229,0.6608040201005025,0.46880570409982175,0.5970451334074717,0.9675146771037182,0.9919743178170144,0.9442322383498855,0.9960058828204441,0.5930232558139535,0.4358974358974359,0.9272727272727272,0.9319991277953525
RF,0.6773199513301326,0.9648082245947015,0.6054478830139903,0.6489292929292929,0.7478829548348265,0.7669977081741788,0.7295379775147975,"{'n_estimators': [100], 'max_depth': [10]}","['mfcc_mean', 'wav_approx_std', 'spec_kurtosis']",0.600451467268623,0.5683760683760684,0.6363636363636364,0.5824345792748645,0.6258741258741258,0.5424242424242425,0.7396694214876033,0.5884434986532907,0.5036420395421436,0.605,0.43137254901960786,0.5673541475413562,0.9648082245947015,1.0,0.932009167303285,0.9942291217499429,0.6918238993710691,0.5288461538461539,1.0,0.9152285403545334
RF,0.6773085684468179,0.9673613841918993,0.6047953645105476,0.6484337288023931,0.7481944530748359,0.780366692131398,0.752704772695686,"{'n_estimators': [100], 'max_depth': [10]}","['mfcc_mean', 'wav_detail_lvl5_std', 'spec_skew', 'spec_kurtosis', 'wav_detail_lvl3_std']",0.5871559633027523,0.5638766519823789,0.6124401913875598,0.6794611756569228,0.6444444444444445,0.5838926174496645,0.71900826446281,0.6205616379964097,0.564051638530288,0.6367713004484304,0.5062388591800356,0.5988755064006639,0.9673613841918993,0.9967585089141004,0.9396485867074102,0.9953610673910255,0.6235294117647059,0.4608695652173913,0.9636363636363636,0.8692644760334087
RF,0.6772222447736744,0.9713388299960738,0.6036930984680746,0.6512566520500738,0.7416252712481253,0.7807486631016043,0.7743993450376372,"{'n_estimators': [100], 'max_depth': [10]}","['mfcc_mean', 'wav_approx_std', 'spec_skew', 'wav_detail_lvl3_std', 'wav_detail_lvl4_std']",0.6118721461187214,0.5851528384279476,0.6411483253588517,0.7119250264683469,0.6492805755395683,0.5748407643312102,0.7458677685950413,0.6052620083291704,0.5363357215967247,0.6298076923076923,0.46702317290552586,0.6302788027627362,0.9713388299960738,0.9991922455573505,0.944996180290298,0.9959044167338897,0.6172839506172839,0.4672897196261682,0.9090909090909091,0.9286264708940423
RF,0.6770401544043763,0.9668769716088328,0.6045809501032621,0.649503013194927,0.7477593351390143,0.778838808250573,0.7788468108335767,"{'n_estimators': [100], 'max_depth': [10]}","['wav_detail_lvl5_std', 'wav_approx_std', 'spec_skew', 'wav_detail_lvl3_std', 'wav_detail_lvl4_std']",0.5924276169265034,0.5541666666666667,0.6363636363636364,0.6995055964362323,0.6414414414414414,0.5686900958466453,0.7355371900826446,0.6271664356096758,0.5579487179487179,0.6570048309178744,0.48484848484848486,0.6377045164912523,0.9668769716088328,0.9991850040749797,0.9365928189457601,0.9957663616741572,0.6265060240963856,0.46846846846846846,0.9454545454545454,0.9340911439565663
RF,0.6770365561291717,0.9721459395841506,0.603259210265427,0.6560466993287052,0.7465800134755947,0.7830404889228418,0.7826696958374904,"{'n_estimators': [100], 'max_depth': [10]}","['wav_approx_std', 'NDSI', 'mfcc_var', 'wav_detail_lvl4_std']",0.6320754716981132,0.6232558139534884,0.6411483253588517,0.7388953244880578,0.6360424028268551,0.5555555555555556,0.743801652892562,0.5926463517268323,0.5553235908141962,0.6700251889168766,0.4741532976827095,0.6671604445555848,0.9721459395841506,0.9991935483870967,0.946524064171123,0.997900379557201,0.5895953757225434,0.4322033898305085,0.9272727272727272,0.9167459788597757
RF,0.6769644227471283,0.9702892885066459,0.6036332063072488,0.655525461545528,0.7409529170519883,0.7792207792207793,0.7825235605429215,"{'n_estimators': [100], 'max_depth': [10]}","['wav_approx_std', 'spec_skew', 'NDSI', 'mfcc_var']",0.6330935251798561,0.6346153846153846,0.631578947368421,0.742101315151659,0.6274509803921569,0.5517241379310345,0.7272727272727273,0.6205000094138877,0.5432098765432098,0.6423357664233577,0.47058823529411764,0.6328019640374368,0.9702892885066459,0.9935948759007206,0.948051948051948,0.9982242564532756,0.6107784431137725,0.45535714285714285,0.9272727272727272,0.9189902576583487
RF,0.6769311960172242,0.9717203456402199,0.6032339086114753,0.6532630532303052,0.7502403553853033,0.7887700534759359,0.7776742288969674,"{'n_estimators': [100], 'max_depth': [10]}","['wav_approx_std', 'spec_skew', 'NDSI', 'wav_detail_lvl3_std', 'wav_detail_lvl4_std']",0.5958429561200924,0.5758928571428571,0.6172248803827751,0.6981330946801724,0.6732318710832588,0.593996840442338,0.7768595041322314,0.6422093230947922,0.5643153526970954,0.674937965260546,0.48484848484848486,0.6464206659707541,0.9717203456402199,1.0,0.944996180290298,0.9967549477427567,0.5795454545454546,0.4214876033057851,0.9272727272727272,0.9048531129963611
RF,0.6768241061624032,0.9709347996857817,0.6032964327815586,0.6521154526541509,0.7520526157396408,0.7880061115355232,0.7897747796830471,"{'n_estimators': [100], 'max_depth': [10]}","['wav_detail_lvl5_std', 'wav_approx_std', 'spec_skew', 'NDSI', 'wav_detail_lvl3_std', 'wav_detail_lvl4_std']",0.6132723112128147,0.5877192982456141,0.6411483253588517,0.7212781984593128,0.6618181818181819,0.5909090909090909,0.7520661157024794,0.6552651080947399,0.5714285714285714,0.6747572815533981,0.49554367201426025,0.6516293848615615,0.9709347996857817,0.9991915925626516,0.9442322383498855,0.9964878693712818,0.5666666666666667,0.408,0.9272727272727272,0.9242133376283395
RF,0.6764310251631975,0.9716284492809949,0.6026316691337481,0.6627539234290684,0.7329448195111015,0.7872421695951107,0.7881118067663755,"{'n_estimators': [100], 'max_depth': [10]}","['mfcc_mean', 'NDSI', 'mfcc_var']",0.5914786967418546,0.6210526315789474,0.5645933014354066,0.7061080048306635,0.6538796861377506,0.5656108597285068,0.7747933884297521,0.5969051860153075,0.5639412997903563,0.6844783715012722,0.47950089126559714,0.7214744385539537,0.9716284492809949,0.9889240506329114,0.9549274255156608,0.9979993851800099,0.6012269938650306,0.4537037037037037,0.8909090909090909,0.918072019251943
RF,0.6764137335043708,0.9655172413793104,0.6041378565356359,0.6590544965004158,0.730791392677123,0.7696715049656226,0.7812591736244484,"{'n_estimators': [100], 'max_depth': [10]}","['mfcc_mean', 'wav_approx_std', 'spec_skew', 'mfcc_1', 'mfcc_var']",0.6384039900249376,0.6666666666666666,0.6124401913875598,0.7402181340193492,0.5954465849387041,0.5167173252279635,0.7024793388429752,0.5862569807747484,0.5371312309257376,0.6255924170616114,0.47058823529411764,0.645386949333148,0.9655172413793104,0.9911504424778761,0.9411764705882353,0.996694726748303,0.6455696202531646,0.49514563106796117,0.9272727272727272,0.9377390772466937
RF,0.6763704979370787,0.9684791174152876,0.6033433430675263,0.6529833126702347,0.7463848488503709,0.7784568372803667,0.7660837840529562,"{'n_estimators': [100], 'max_depth': [10]}","['mfcc_mean', 'wav_approx_std', 'spec_kurtosis', 'wav_detail_lvl3_std']",0.6135831381733021,0.6009174311926605,0.6267942583732058,0.7061718890044384,0.6468531468531469,0.5606060606060606,0.7644628099173554,0.581574849007561,0.5338894681960376,0.6432160804020101,0.4563279857397504,0.6386923218361288,0.9684791174152876,1.0,0.9388846447669977,0.9952846022018269,0.6190476190476191,0.46017699115044247,0.9454545454545454,0.9086952582148258
RF,0.676312844329974,0.96852871754524,0.6032588760261576,0.6522167632195975,0.7476025869242868,0.7838044308632544,0.7891772253393697,"{'n_estimators': [100], 'max_depth': [10]}","['wav_detail_lvl5_std', 'wav_approx_std', 'spec_skew', 'NDSI', 'spec_kurtosis', 'wav_detail_lvl4_std']",0.6033254156769596,0.5990566037735849,0.6076555023923444,0.7128673695902009,0.6418181818181818,0.573051948051948,0.7293388429752066,0.6537142045924547,0.5803212851405622,0.664367816091954,0.5151515151515151,0.6447150855095412,0.96852871754524,0.9983779399837794,0.9404125286478228,0.9964627968614171,0.5875706214689266,0.4262295081967213,0.9454545454545454,0.9381266701432353
RF,0.6762699996165692,0.9684791174152876,0.6032177201668896,0.6562475370855851,0.7355898740531445,0.7696715049656226,0.7868538467053663,"{'n_estimators': [100], 'max_depth': [10]}","['mfcc_mean', 'wav_approx_std', 'spec_skew', 'mfcc_1']",0.6259168704156479,0.64,0.6124401913875598,0.7672510447737425,0.6137931034482759,0.5266272189349113,0.7355371900826446,0.5990144726446006,0.5149330587023687,0.6097560975609756,0.44563279857397503,0.6354965896528026,0.9684791174152876,1.0,0.9388846447669977,0.9959740273152903,0.6582278481012658,0.5048543689320388,0.9454545454545454,0.9365330991403946
RF,0.6760706463620062,0.9677926158680282,0.6031401539855006,0.6514579698944639,0.7532680022857338,0.7822765469824293,0.7817711847386428,"{'n_estimators': [100], 'max_depth': [10]}","['wav_detail_lvl5_std', 'wav_approx_std', 'mfcc_1', 'wav_detail_lvl4_std']",0.6378132118451025,0.6086956521739131,0.6698564593301436,0.7188326156529414,0.6265938069216758,0.5602605863192183,0.7107438016528925,0.579012509686487,0.576725025746653,0.6829268292682927,0.49910873440285203,0.6790059535602948,0.9677926158680282,0.9959579628132579,0.9411764705882353,0.9957745657972346,0.5714285714285714,0.4094488188976378,0.9454545454545454,0.9362302789962567
RF,0.6756408826731017,0.9684791174152876,0.6024313239875553,0.6558556801029074,0.7603712367939781,0.7841864018334607,0.778110435269283,"{'n_estimators': [100], 'max_depth': [10]}","['wav_approx_std', 'NDSI', 'wav_detail_lvl3_std']",0.646551724137931,0.5882352941176471,0.7177033492822966,0.6795570906721324,0.6574154379878577,0.5665171898355755,0.7830578512396694,0.6325127381240538,0.5422222222222223,0.7197640117994101,0.43493761140819964,0.7073564412592288,0.9684791174152876,1.0,0.9388846447669977,0.9953136655002288,0.56353591160221,0.40476190476190477,0.9272727272727272,0.8758122407907712
RF,0.6754389048009676,0.9715621347876899,0.601408097304287,0.6538089515637506,0.7323503337829259,0.7784568372803667,0.7051404612234707,"{'n_estimators': [100], 'max_depth': [10]}","['spec_skew', 'mfcc_1', 'NDSI']",0.6227272727272727,0.5930735930735931,0.6555023923444976,0.6207668123934248,0.6305506216696269,0.5529595015576324,0.7334710743801653,0.6123632540076946,0.5289778714436248,0.6469072164948454,0.4474153297682709,0.5950868015664422,0.9715621347876899,0.9912559618441972,0.9526355996944232,0.9977641563007601,0.6233766233766234,0.48484848484848486,0.8727272727272727,0.699721281849032
RF,0.6752408916604344,0.971183800623053,0.6012551644197799,0.6498078399787242,0.7365385997809303,0.7750190985485104,0.7615812652420064,"{'n_estimators': [100], 'max_depth': [10]}","['mfcc_1', 'NDSI', 'spec_kurtosis', 'mfcc_var']",0.6378132118451025,0.6086956521739131,0.6698564593301436,0.7271808694701148,0.6151046405823476,0.5495934959349593,0.6983471074380165,0.5998225777919277,0.5231719876416066,0.6195121951219512,0.45276292335115864,0.615082395040597,0.971183800623053,0.9904686258935663,0.9526355996944232,0.9981121979142097,0.6289308176100629,0.4807692307692308,0.9090909090909091,0.8677082859931831
RF,0.6750206117633756,0.9762922658375437,0.5997026982448335,0.6513489902521726,0.7388398438975416,0.7818945760122231,0.7748511115101422,"{'n_estimators': [100], 'max_depth': [10]}","['mfcc_1', 'NDSI', 'wav_detail_lvl4_std']",0.6238938053097345,0.5802469135802469,0.6746411483253588,0.6980811927513912,0.6255666364460563,0.5573505654281099,0.7128099173553719,0.6121717096416481,0.5406546990496304,0.6632124352331606,0.4563279857397504,0.6607734966547664,0.9762922658375437,0.9936708860759493,0.959511077158136,0.998566219470495,0.6086956521739131,0.46226415094339623,0.8909090909090909,0.9046629390324104
RF,0.6749889958878857,0.9719844357976654,0.6007401359104408,0.6532268601780532,0.7454754655233125,0.7841864018334607,0.7853347554321346,"{'n_estimators': [100], 'max_depth': [10]}","['NDSI', 'spec_kurtosis', 'mfcc_var', 'wav_detail_lvl4_std']",0.627906976744186,0.6108597285067874,0.645933014354067,0.7490265146470245,0.6303360581289736,0.5623987034035657,0.7169421487603306,0.6111546067486628,0.5651720542231491,0.6809045226130653,0.483065953654189,0.653349813951213,0.9719844357976654,0.9904837430610627,0.9541634835752483,0.9978703394767643,0.5795454545454546,0.4214876033057851,0.9272727272727272,0.9152725023370083
RF,0.6749376146368163,0.9736024844720497,0.600271397178008,0.6524396195647275,0.7417824824579681,0.7849503437738732,0.7760771598454086,"{'n_estimators': [100], 'max_depth': [10]}","['NDSI', 'mfcc_var', 'wav_detail_lvl4_std']",0.6222222222222222,0.5809128630705395,0.6698564593301436,0.6994562479256276,0.6363636363636364,0.5681818181818182,0.7231404958677686,0.6121361467675928,0.5556733828207847,0.6858638743455497,0.46702317290552586,0.6700835758877601,0.9736024844720497,0.98973954222573,0.957983193277311,0.998390341523804,0.5868263473053892,0.4375,0.8909090909090909,0.9003194871222585
RF,0.6748309412460356,0.9615384615384616,0.6031540611729291,0.6518351414630719,0.7533410093049835,0.7757830404889229,0.7679727835757669,"{'n_estimators': [100], 'max_depth': [10]}","['wav_detail_lvl5_std', 'mfcc_1', 'mfcc_var']",0.6574074074074074,0.6367713004484304,0.6794258373205742,0.7058871156275697,0.6214285714285714,0.5471698113207547,0.71900826446281,0.5551615229142091,0.5513626834381551,0.6692111959287532,0.46880570409982175,0.6486970275627962,0.9615384615384616,0.9887005649717514,0.9358288770053476,0.9944316693556785,0.5824175824175825,0.41732283464566927,0.9636363636363636,0.9356865824185808
RF,0.67478156535005,0.970102281667978,0.600951386270568,0.6464119929478904,0.7455443908750973,0.7742551566080977,0.7791452461915821,"{'n_estimators': [100], 'max_depth': [10]}","['wav_approx_std', 'spec_skew', 'mfcc_var', 'wav_detail_lvl4_std']",0.6191536748329621,0.5791666666666667,0.6650717703349283,0.737961686371681,0.6349775784753363,0.561014263074485,0.731404958677686,0.5900231147717778,0.515527950310559,0.6148148148148148,0.44385026737967914,0.6365347391289923,0.970102281667978,1.0,0.9419404125286478,0.9970383333230678,0.6341463414634146,0.47706422018348627,0.9454545454545454,0.9341683573623916
RF,0.6745619696760821,0.9723842862699339,0.6001063905276193,0.6501526652768879,0.7387799225823432,0.7838044308632544,0.7898893466897032,"{'n_estimators': [100], 'max_depth': [10]}","['spec_skew', 'NDSI', 'spec_kurtosis', 'mfcc_var', 'wav_detail_lvl4_std']",0.6179245283018868,0.6093023255813953,0.6267942583732058,0.75413715170383,0.6348314606741573,0.5804794520547946,0.7004132231404959,0.6366136372020124,0.562874251497006,0.6394557823129252,0.5026737967914439,0.6434742297812569,0.9723842862699339,0.9904912836767037,0.9549274255156608,0.997720958163577,0.5847953216374269,0.43103448275862066,0.9090909090909091,0.9175007565978397
RF,0.6743046586562912,0.969315499606609,0.6005519484187116,0.6472887579191865,0.7430427551620908,0.7711993888464477,0.7815398593781067,"{'n_estimators': [100], 'max_depth': [10]}","['wav_approx_std', 'spec_skew', 'mfcc_1', 'spec_kurtosis', 'wav_detail_lvl4_std']",0.6422018348623854,0.6167400881057269,0.6698564593301436,0.7527672778145484,0.6184092940125112,0.5448818897637795,0.7148760330578512,0.6097942534506742,0.5112936344969199,0.6029055690072639,0.44385026737967914,0.6189072278779459,0.969315499606609,0.9991889699918897,0.9411764705882353,0.9969558046350242,0.6303030303030303,0.4727272727272727,0.9454545454545454,0.9292747331123405
RF,0.6742551489936199,0.9603143418467583,0.6027403507803354,0.6578195727594099,0.7342359179426446,0.7677616501145913,0.7877179116598724,"{'n_estimators': [100], 'max_depth': [10]}","['mfcc_mean', 'mfcc_1', 'spec_kurtosis', 'mfcc_var']",0.6334164588528678,0.6614583333333334,0.6076555023923444,0.7500122213084484,0.6012058570198106,0.5155096011816839,0.7210743801652892,0.5918731338149206,0.5383022774327122,0.6419753086419753,0.46345811051693403,0.6516939872716656,0.9603143418467583,0.988673139158576,0.93353705118411,0.9960221337910414,0.6380368098159509,0.48148148148148145,0.9454545454545454,0.9489880821132858
RF,0.6742229373988714,0.9591194968553459,0.6029987975347527,0.6564416118382169,0.7363913429660685,0.7647058823529411,0.7788278948787026,"{'n_estimators': [100], 'max_depth': [10]}","['mfcc_mean', 'mfcc_1', 'spec_kurtosis']",0.6411483253588517,0.6411483253588517,0.6411483253588517,0.7524384351065119,0.6033898305084746,0.5114942528735632,0.7355371900826446,0.585688081610486,0.5133689839572193,0.6417112299465241,0.42780748663101603,0.6176667731719094,0.9591194968553459,0.9878542510121457,0.932009167303285,0.9957225720641537,0.6540880503144654,0.5,0.9454545454545454,0.9426236124404522
RF,0.6741521244369391,0.9660883280757098,0.6011680735272464,0.647933069617455,0.748601949696799,0.7811306340718105,0.7700326760134553,"{'n_estimators': [100], 'max_depth': [10]}","['wav_detail_lvl5_std', 'wav_approx_std', 'spec_skew', 'spec_kurtosis', 'wav_detail_lvl4_std']",0.5675057208237986,0.543859649122807,0.5933014354066986,0.6701993433862983,0.6582959641255606,0.5816164817749604,0.7582644628099173,0.6266620308369044,0.5661538461538461,0.6666666666666666,0.4919786096256685,0.6144194449399045,0.9660883280757098,0.9983700081499592,0.9358288770053476,0.9956464878947338,0.6127167630057804,0.4491525423728814,0.9636363636363636,0.9432360730094353
RF,0.6739505379245181,0.9715842740365901,0.5995421038965001,0.6495649210480052,0.7342943527998411,0.7773109243697479,0.757028425839898,"{'n_estimators': [100], 'max_depth': [10]}","['spec_skew', 'mfcc_1', 'NDSI', 'mfcc_var']",0.6096997690531177,0.5892857142857143,0.631578947368421,0.709568504222128,0.6322463768115942,0.5629032258064516,0.7210743801652892,0.5938702241997197,0.5272914521112255,0.624390243902439,0.4563279857397504,0.6125705619900172,0.9715842740365901,0.9904761904761905,0.9533995416348358,0.9982047804332801,0.6289308176100629,0.4807692307692308,0.9090909090909091,0.870928058354345
RF,0.6737909984520077,0.969315499606609,0.5999098731633574,0.6491206093599649,0.7454171037706078,0.7834224598930482,0.7786493589201505,"{'n_estimators': [100], 'max_depth': [10]}","['wav_detail_lvl5_std', 'wav_approx_std', 'spec_skew', 'NDSI', 'wav_detail_lvl4_std']",0.5972222222222222,0.57847533632287,0.6172248803827751,0.6689068952914446,0.6522131887985546,0.579454253611557,0.7458677685950413,0.6491043435400843,0.5673469387755102,0.6634844868735084,0.49554367201426025,0.6389780071748901,0.969315499606609,0.9991889699918897,0.9411764705882353,0.996436427726129,0.5828571428571429,0.425,0.9272727272727272,0.9398211208682045
RF,0.6736991696718495,0.9627304825421734,0.6014413414542685,0.6508481061064798,0.7512093797936747,0.7776928953399541,0.767965355804043,"{'n_estimators': [100], 'max_depth': [10]}","['wav_detail_lvl5_std', 'mfcc_1', 'mfcc_var', 'wav_detail_lvl4_std']",0.6604651162790698,0.6425339366515838,0.6794258373205742,0.7005545189821344,0.6220614828209765,0.5530546623794212,0.7107438016528925,0.5648263585038941,0.5610766045548654,0.6691358024691358,0.483065953654189,0.6474351873863987,0.9627304825421734,0.989516129032258,0.9373567608861727,0.995626249054543,0.5621621621621622,0.4,0.9454545454545454,0.931384465093245
RF,0.6736666413570064,0.9652173913043478,0.6007789538701711,0.6456299825774774,0.7587341713544923,0.7742551566080977,0.7455905642400988,"{'n_estimators': [100], 'max_depth': [10]}","['wav_approx_std', 'wav_detail_lvl3_std']",0.5857418111753372,0.49032258064516127,0.7272727272727273,0.6203304182232445,0.6356164383561644,0.5695581014729951,0.71900826446281,0.5452652380343728,0.547027027027027,0.695054945054945,0.45098039215686275,0.6787961052608167,0.9652173913043478,1.0,0.9327731092436975,0.994421871424469,0.6347305389221557,0.4732142857142857,0.9636363636363636,0.889139188257591
RF,0.6735711185683698,0.9727414330218068,0.5987785399550105,0.6504506192794391,0.7437116978152722,0.780366692131398,0.7890168633668468,"{'n_estimators': [100], 'max_depth': [10]}","['mfcc_1', 'NDSI', 'spec_kurtosis', 'mfcc_var', 'wav_detail_lvl4_std']",0.6244343891402715,0.592274678111588,0.6602870813397129,0.7548490919204529,0.6252252252252253,0.5543130990415336,0.7169421487603306,0.6244667580950205,0.5454545454545454,0.6701298701298701,0.45989304812834225,0.655609923808516,0.9727414330218068,0.9920571882446386,0.9541634835752483,0.9983193262167758,0.6,0.4434782608695652,0.9272727272727272,0.9118392167934692
RF,0.6731574992013429,0.9735819735819736,0.5980513806061853,0.6513454690926912,0.7292670299959915,0.7750190985485104,0.6913666517510131,"{'n_estimators': [100], 'max_depth': [10]}","['mfcc_1', 'NDSI', 'spec_kurtosis']",0.6320541760722348,0.5982905982905983,0.6698564593301436,0.6738324572322207,0.6174377224199288,0.5421875,0.7169421487603306,0.6174829801624747,0.5111346765641569,0.6308900523560209,0.4295900178253119,0.6009097458935139,0.9735819735819736,0.9905138339920949,0.9572192513368984,0.9980116374645384,0.631578947368421,0.4948453608247423,0.8727272727272727,0.5665964380023175
RF,0.6730253359938285,0.9668769716088328,0.5995624270900775,0.6452032429811376,0.751373182591871,0.773109243697479,0.7723244734241647,"{'n_estimators': [100], 'max_depth': [10]}","['wav_detail_lvl5_std', 'wav_approx_std', 'spec_kurtosis', 'wav_detail_lvl3_std']",0.5956521739130435,0.545816733067729,0.6555023923444976,0.6754062565602676,0.6328888888888888,0.5553822152886115,0.7355371900826446,0.6005084898439982,0.5306553911205074,0.6519480519480519,0.4474153297682709,0.6358007865871982,0.9668769716088328,0.9991850040749797,0.9365928189457601,0.9953444995459325,0.6390532544378699,0.47368421052631576,0.9818181818181818,0.954562334583427
RF,0.6730164694972606,0.9666797334378675,0.5996006535121089,0.6496677048372301,0.739348602424876,0.7662337662337663,0.764046951577566,"{'n_estimators': [100], 'max_depth': [10]}","['wav_approx_std', 'spec_kurtosis', 'mfcc_var']",0.6651053864168618,0.6513761467889908,0.6794258373205742,0.7317562808240543,0.6031468531468531,0.5227272727272727,0.7128099173553719,0.5811261503709169,0.4921135646687697,0.6,0.41711229946524064,0.6000290786518033,0.9666797334378675,0.9927536231884058,0.9419404125286478,0.9961603765832187,0.6380368098159509,0.48148148148148145,0.9454545454545454,0.9111628714578369
RF,0.6728835660794068,0.9660615627466457,0.5995890669125971,0.6461109614945229,0.7478824187352192,0.7742551566080977,0.7605141491909639,"{'n_estimators': [100], 'max_depth': [10]}","['wav_detail_lvl5_std', 'wav_approx_std', 'spec_skew', 'wav_detail_lvl3_std']",0.5851528384279476,0.5381526104417671,0.6411483253588517,0.6444285406345792,0.6353149955634427,0.5567651632970451,0.7396694214876033,0.5850522218738845,0.5431578947368421,0.6632390745501285,0.45989304812834225,0.637510755364058,0.9660615627466457,0.9991836734693877,0.935064935064935,0.9952721173532527,0.6347305389221557,0.4732142857142857,0.9636363636363636,0.9403071107290456
RF,0.6727498922562432,0.96852871754524,0.598805185933994,0.6487935339236142,0.7499214979597755,0.7765469824293354,0.7591957205353937,"{'n_estimators': [100], 'max_depth': [10]}","['wav_detail_lvl5_std', 'NDSI', 'spec_kurtosis']",0.6239316239316239,0.5637065637065637,0.6985645933014354,0.6619086549429524,0.6457242582897034,0.5589123867069486,0.7644628099173554,0.6468042637459663,0.5147864184008762,0.6676136363636364,0.41889483065953653,0.5720577263684199,0.96852871754524,0.9983779399837794,0.9404125286478228,0.9945067408616353,0.6107784431137725,0.45535714285714285,0.9272727272727272,0.920701216757995
RF,0.6727110698746539,0.97339593114241,0.5975398545577149,0.6478221289984055,0.7433392304290137,0.7773109243697479,0.790684775588053,"{'n_estimators': [100], 'max_depth': [10]}","['wav_approx_std', 'spec_skew', 'mfcc_1', 'NDSI', 'mfcc_var', 'wav_detail_lvl4_std']",0.636568848758465,0.6025641025641025,0.6746411483253588,0.7652547533628816,0.6149684400360685,0.5456,0.7045454545454546,0.6185261237512063,0.5386221294363257,0.6498740554156172,0.45989304812834225,0.6490188416022367,0.97339593114241,0.9975942261427426,0.9503437738731857,0.9984154861042451,0.6,0.4434782608695652,0.9272727272727272,0.9222086731196949
RF,0.6725945967072754,0.9722547870261821,0.5976795491275486,0.6528179730126775,0.7375643410909383,0.7750190985485104,0.7827606412140229,"{'n_estimators': [100], 'max_depth': [10]}","['wav_approx_std', 'spec_skew', 'mfcc_1', 'NDSI', 'mfcc_var']",0.6457831325301204,0.6504854368932039,0.6411483253588517,0.7644884445967122,0.616871704745167,0.536697247706422,0.7252066115702479,0.5978833171139748,0.5209205020920502,0.6303797468354431,0.44385026737967914,0.6256544661340343,0.9722547870261821,0.9952,0.9503437738731857,0.9980615447396884,0.6071428571428571,0.45132743362831856,0.9272727272727272,0.927715433485705
RF,0.6725842710529453,0.9715621347876899,0.5978398051192592,0.6484524900349737,0.741322094736111,0.778838808250573,0.7875771599995838,"{'n_estimators': [100], 'max_depth': [10]}","['spec_skew', 'mfcc_1', 'NDSI', 'spec_kurtosis', 'mfcc_var', 'wav_detail_lvl4_std']",0.6238532110091743,0.5991189427312775,0.6507177033492823,0.760022225861125,0.6248864668483197,0.5575364667747164,0.7107438016528925,0.6210893100523603,0.5426195426195426,0.6508728179551122,0.46524064171123,0.637814828254066,0.9715621347876899,0.9912559618441972,0.9526355996944232,0.9980696787465015,0.6,0.4434782608695652,0.9272727272727272,0.9208897570838666
RF,0.6723961042334554,0.9640173981810992,0.5994907807465445,0.6475134361814211,0.7547191386341401,0.7754010695187166,0.7662274340334649,"{'n_estimators': [100], 'max_depth': [10]}","['wav_detail_lvl5_std', 'wav_approx_std', 'spec_kurtosis']",0.5707964601769911,0.5308641975308642,0.6172248803827751,0.595825210219831,0.6568457538994801,0.5656716417910448,0.7830578512396694,0.6196405926674158,0.5344827586206896,0.6757493188010899,0.44206773618538325,0.6380880939835364,0.9640173981810992,0.9991803278688525,0.9312452253628725,0.9951002283797925,0.6358381502890174,0.4661016949152542,1.0,0.9824830449167488
RF,0.6721220093697011,0.9713163064833006,0.5973234350913013,0.6492971032428747,0.7552833469185847,0.7864782276546982,0.7689219431333357,"{'n_estimators': [100], 'max_depth': [10]}","['wav_detail_lvl5_std', 'wav_approx_std', 'NDSI', 'wav_detail_lvl3_std']",0.6064516129032258,0.55078125,0.6746411483253588,0.6321784756247034,0.666069829901522,0.5876777251184834,0.768595041322314,0.630109236320246,0.5593952483801296,0.7095890410958904,0.46167557932263814,0.6876833777272169,0.9713163064833006,1.0,0.9442322383498855,0.9961391472952115,0.5573770491803278,0.3984375,0.9272727272727272,0.8984994786993007
RF,0.6719658206391885,0.9618260527351437,0.5995007626151998,0.6432454936826797,0.7464288577544981,0.7708174178762414,0.757332352621324,"{'n_estimators': [100], 'max_depth': [10]}","['wav_detail_lvl5_std', 'spec_skew', 'spec_kurtosis', 'wav_detail_lvl4_std']",0.5943600867678959,0.5436507936507936,0.6555023923444976,0.6497053176283016,0.6311992786293958,0.56,0.7231404958677686,0.6235504469615287,0.5338894681960376,0.6432160804020101,0.4563279857397504,0.5680840161447877,0.9618260527351437,0.9918831168831169,0.93353705118411,0.9950673097751743,0.6385542168674698,0.4774774774774775,0.9636363636363636,0.9502546725968284
RF,0.6719544681354435,0.9630503144654088,0.5991805065529521,0.6444480475175545,0.7453669540891606,0.7742551566080977,0.7496931291498606,"{'n_estimators': [100], 'max_depth': [10]}","['wav_detail_lvl5_std', 'spec_kurtosis', 'wav_detail_lvl4_std']",0.5874439461883408,0.5527426160337553,0.6267942583732058,0.6309674160902612,0.6328195829555757,0.5638126009693053,0.7210743801652892,0.6175224197868145,0.5529290853031861,0.6529126213592233,0.47950089126559714,0.5636556485061953,0.9630503144654088,0.9919028340080972,0.9358288770053476,0.994841989330732,0.6235294117647059,0.4608695652173913,0.9636363636363636,0.9414781720353004
RF,0.671911290538344,0.971183800623053,0.5970931630171668,0.647657736639904,0.735191040313472,0.7750190985485104,0.688530502079655,"{'n_estimators': [100], 'max_depth': [10]}","['spec_skew', 'mfcc_1', 'NDSI', 'spec_kurtosis']",0.618510158013544,0.5854700854700855,0.6555023923444976,0.6435863616800556,0.6223021582733813,0.5509554140127388,0.7148760330578512,0.6104076296614966,0.5225603357817419,0.6352040816326531,0.44385026737967914,0.5914165839932892,0.971183800623053,0.9904686258935663,0.9526355996944232,0.9979265277562952,0.625,0.47619047619047616,0.9090909090909091,0.5993154073071385
RF,0.6719032449441753,0.9673870333988213,0.5980322978305137,0.6424679892215817,0.7601580884637457,0.7792207792207793,0.7537506270776066,"{'n_estimators': [100], 'max_depth': [10]}","['wav_detail_lvl5_std', 'wav_approx_std', 'wav_detail_lvl3_std']",0.5770750988142292,0.49158249158249157,0.6985645933014354,0.5597857546810462,0.6324786324786325,0.5852372583479789,0.6880165289256198,0.5952655834053687,0.5792235047219307,0.7040816326530612,0.4919786096256685,0.6789527655699885,0.9673870333988213,0.9959546925566343,0.9404125286478228,0.9959359413908034,0.6033519553072626,0.43548387096774194,0.9818181818181818,0.9388130903408264
RF,0.6717831558660051,0.963226571767497,0.598922301890632,0.652727032851758,0.745803034567459,0.7754010695187166,0.7655271453087544,"{'n_estimators': [100], 'max_depth': [10]}","['spec_skew', 'NDSI', 'wav_detail_lvl3_std']",0.6053811659192825,0.569620253164557,0.645933014354067,0.6947351323967195,0.6514767932489451,0.550641940085592,0.7975206611570248,0.6051897261495648,0.528052805280528,0.6896551724137931,0.42780748663101603,0.6271030281471679,0.963226571767497,0.9983606557377049,0.93048128342246,0.9933011541350635,0.6107784431137725,0.45535714285714285,0.9272727272727272,0.9073066857152567
RF,0.6716543794566154,0.9704280155642023,0.5969609704297187,0.6492401238473631,0.731350751696938,0.7742551566080977,0.6899139029668181,"{'n_estimators': [100], 'max_depth': [10]}","['NDSI', 'spec_kurtosis', 'mfcc_var']",0.6426966292134831,0.6059322033898306,0.6842105263157895,0.6872190394695177,0.613047363717605,0.5401574803149606,0.7086776859504132,0.6126999370915556,0.5206349206349207,0.640625,0.4385026737967914,0.6099014422431233,0.9704280155642023,0.9888977002379065,0.9526355996944232,0.9972861531314478,0.6114649681528662,0.47058823529411764,0.8727272727272727,0.542462942898446
RF,0.6715801240612765,0.9660347551342812,0.5979664662930254,0.6498227311161802,0.7514517090002595,0.7754010695187166,0.7661563677596008,"{'n_estimators': [100], 'max_depth': [10]}","['wav_approx_std', 'spec_kurtosis', 'wav_detail_lvl3_std']",0.592255125284738,0.5652173913043478,0.6220095693779905,0.6551431808889703,0.6530264279624893,0.555878084179971,0.7913223140495868,0.6099429802769398,0.5223068552774756,0.6703910614525139,0.42780748663101603,0.6128989011430345,0.9660347551342812,1.0,0.9343009931245225,0.9932838104549895,0.6242774566473989,0.4576271186440678,0.9818181818181818,0.9595129660340707
RF,0.6708286374330212,0.971830985915493,0.5955780503124033,0.6490139822064401,0.7383444878603899,0.7757830404889229,0.7740472207118791,"{'n_estimators': [100], 'max_depth': [10]}","['wav_approx_std', 'mfcc_1', 'NDSI', 'mfcc_var']",0.638095238095238,0.6350710900473934,0.6411483253588517,0.7573658944584397,0.6166219839142091,0.5433070866141733,0.7128099173553719,0.5830555197352549,0.5345717234262126,0.6348039215686274,0.46167557932263814,0.6226486544457265,0.971830985915493,0.9959903769045709,0.9488158899923606,0.9981367955148882,0.5930232558139535,0.4358974358974359,0.9272727272727272,0.9090292394050868
RF,0.6707764711877964,0.9758754863813229,0.5945017173894147,0.6487955020431865,0.7386127326093552,0.7826585179526356,0.7754484362676688,"{'n_estimators': [100], 'max_depth': [10]}","['mfcc_1', 'NDSI', 'mfcc_var', 'wav_detail_lvl4_std']",0.6160714285714286,0.5774058577405857,0.6602870813397129,0.7106540281932925,0.6348920863309353,0.5621019108280255,0.7293388429752066,0.5896359198599108,0.5437100213219617,0.6763925729442971,0.45454545454545453,0.6798605161852593,0.9758754863813229,0.9944488501189532,0.957983193277311,0.9983241458708304,0.5833333333333334,0.4336283185840708,0.8909090909090909,0.8987675712290507
RF,0.6706441195941928,0.9675400860383262,0.5964201279831594,0.642997281256166,0.7401913997438907,0.7792207792207793,0.7532133844376478,"{'n_estimators': [100], 'max_depth': [10]}","['mfcc_mean', 'wav_detail_lvl5_std', 'wav_detail_lvl4_std']",0.5601851851851852,0.5426008968609866,0.5789473684210527,0.6089620056359772,0.6172839506172839,0.5711775043936731,0.6714876033057852,0.5910246660215135,0.5954946131243879,0.6608695652173913,0.5418894830659536,0.6156135529956506,0.9675400860383262,0.9911858974358975,0.944996180290298,0.9954575508965332,0.6127167630057804,0.4491525423728814,0.9636363636363636,0.9550091466385647
RF,0.6702003615334478,0.9629629629629629,0.597009711176069,0.6405433412932109,0.7458795993386481,0.7696715049656226,0.7635265420406769,"{'n_estimators': [100], 'max_depth': [10]}","['wav_detail_lvl5_std', 'spec_skew', 'wav_detail_lvl3_std', 'wav_detail_lvl4_std']",0.6233183856502242,0.5864978902953587,0.6650717703349283,0.6714498672814642,0.6196150320806599,0.556836902800659,0.6983471074380165,0.6453400391063058,0.5323886639676113,0.6159250585480094,0.46880570409982175,0.5781416074696837,0.9629629629629629,0.9943043124491456,0.93353705118411,0.9944859239157058,0.6127167630057804,0.4491525423728814,0.9636363636363636,0.9282152724302254
RF,0.6700863809154656,0.9619349722442506,0.5971242330832693,0.6383580258058907,0.7415315147372563,0.7593582887700535,0.7429390227405858,"{'n_estimators': [100], 'max_depth': [10]}","['mfcc_mean', 'wav_approx_std', 'spec_skew', 'spec_kurtosis']",0.5968819599109132,0.5583333333333333,0.6411483253588517,0.640542405941262,0.6048604860486049,0.5358851674641149,0.6942148760330579,0.6158767996543076,0.5035246727089627,0.5787037037037037,0.44563279857397503,0.5758988576821109,0.9619349722442506,1.0,0.9266615737203973,0.9940334033460718,0.6832298136645962,0.5188679245283019,1.0,0.8883436470791762
RF,0.6698172243941345,0.969363707776905,0.5949306035484418,0.6445993773088142,0.7466130932581818,0.7750190985485104,0.7817547116878772,"{'n_estimators': [100], 'max_depth': [10]}","['wav_detail_lvl5_std', 'wav_approx_std', 'mfcc_1', 'mfcc_var']",0.6533333333333333,0.6099585062240664,0.7033492822966507,0.7377828432199425,0.6088527551942186,0.5409309791332263,0.6962809917355371,0.591722202263701,0.5445026178010471,0.6598984771573604,0.46345811051693403,0.6577710899172088,0.969363707776905,0.9975747776879548,0.9427043544690603,0.9964412911155666,0.5730337078651685,0.4146341463414634,0.9272727272727272,0.9250561319229672
RF,0.6698149660361644,0.9666535896429973,0.5956053101344563,0.652652453250165,0.7324521317879045,0.7685255920550038,0.7605666708052254,"{'n_estimators': [100], 'max_depth': [10]}","['mfcc_mean', 'wav_approx_std', 'mfcc_var']",0.6240409207161125,0.6703296703296703,0.583732057416268,0.7112609960935894,0.5946902654867257,0.5201238390092879,0.6942148760330579,0.5345583266444622,0.5401606425702812,0.6183908045977011,0.47950089126559714,0.6276060053094399,0.9666535896429973,0.9935483870967742,0.9411764705882353,0.996153743864188,0.6235294117647059,0.4608695652173913,0.9636363636363636,0.9332542821144477
RF,0.6697640746248494,0.959087332808812,0.5974332600788588,0.6533114623747837,0.7303630247227207,0.7654698242933538,0.7799442469623408,"{'n_estimators': [100], 'max_depth': [10]}","['mfcc_mean', 'spec_skew', 'mfcc_1', 'mfcc_var']",0.6165413533834586,0.6473684210526316,0.5885167464114832,0.715761231662934,0.6024096385542169,0.5162241887905604,0.7231404958677686,0.5931569256847554,0.5366357069143447,0.6372549019607843,0.46345811051693403,0.6472510940857608,0.959087332808812,0.9886455798864558,0.9312452253628725,0.9954180083886899,0.6341463414634146,0.47706422018348627,0.9454545454545454,0.9481339749895642
RF,0.6696394946747883,0.9653815892997639,0.5957039710185444,0.6372010454715306,0.7365624318452915,0.7627960275019099,0.7444315916224268,"{'n_estimators': [100], 'max_depth': [10]}","['mfcc_mean', 'wav_detail_lvl5_std', 'spec_skew', 'spec_kurtosis']",0.5867237687366167,0.5310077519379846,0.6555023923444976,0.6510070287655788,0.6070763500931099,0.5525423728813559,0.6735537190082644,0.603531316678646,0.5095285857572718,0.5825688073394495,0.45276292335115864,0.5673477970565324,0.9653815892997639,0.9951338199513382,0.9373567608861727,0.9946242906560265,0.6794871794871795,0.5247524752475248,0.9636363636363636,0.9056475249553498
RF,0.6696092454027461,0.9647058823529412,0.5958350861651973,0.6385867851290062,0.7447329310149462,0.7723453017570665,0.7505454669433516,"{'n_estimators': [100], 'max_depth': [10]}","['mfcc_mean', 'wav_detail_lvl5_std', 'wav_detail_lvl3_std']",0.5860655737704918,0.5125448028673835,0.6842105263157895,0.6278681111048353,0.6068702290076335,0.5638297872340425,0.6570247933884298,0.613513614845707,0.5676500508646999,0.6611374407582938,0.49732620320855614,0.5954813970461811,0.9647058823529412,0.9911361804995971,0.9396485867074102,0.995508544777665,0.6227544910179641,0.4642857142857143,0.9454545454545454,0.9203556669423693
RF,0.6695414699601743,0.9727838258164853,0.5937308809960965,0.6452196396075113,0.734942826195289,0.774637127578304,0.7033048668974025,"{'n_estimators': [100], 'max_depth': [10]}","['spec_skew', 'NDSI', 'mfcc_var']",0.6260869565217392,0.5737051792828686,0.6889952153110048,0.6340808672295185,0.6223021582733813,0.5509554140127388,0.7148760330578512,0.6126584621147021,0.5101822079314041,0.6397849462365591,0.42424242424242425,0.6034146076931466,0.9727838258164853,0.9904988123515439,0.9556913674560733,0.9974241843865416,0.6163522012578616,0.47115384615384615,0.8909090909090909,0.6689462130631035
RF,0.6693960841521606,0.9656804733727811,0.5953249868470054,0.6396236828320783,0.7487980768644996,0.7704354469060352,0.7379760262557111,"{'n_estimators': [100], 'max_depth': [10]}","['wav_detail_lvl5_std', 'spec_kurtosis']",0.579957356076759,0.5230769230769231,0.6507177033492823,0.6171042185959374,0.6421524663677131,0.5673534072900158,0.7396694214876033,0.58257771070597,0.5163329820864068,0.6314432989690721,0.43672014260249553,0.5492386779415056,0.9656804733727811,0.99836867862969,0.935064935064935,0.9938176817025419,0.6428571428571429,0.4778761061946903,0.9818181818181818,0.9471418423326009
RF,0.6693386364478803,0.9567588624853915,0.5974835799385024,0.6504882390015567,0.7337352374616659,0.7704354469060352,0.7545352788195177,"{'n_estimators': [100], 'max_depth': [10]}","['mfcc_mean', 'mfcc_var']",0.5955334987593052,0.6185567010309279,0.5741626794258373,0.6873091656063866,0.6001796945193172,0.5310015898251192,0.6900826446280992,0.5301620979835463,0.5743380855397149,0.669833729216152,0.5026737967914439,0.6402709379841328,0.9567588624853915,0.9761526232114467,0.9381207028265852,0.9945221842803829,0.6198830409356725,0.45689655172413796,0.9636363636363636,0.9204120082431397
RF,0.6688602534237487,0.9636363636363636,0.5951662258705949,0.6414317793743197,0.7488080434435627,0.7708174178762414,0.7533260053556124,"{'n_estimators': [100], 'max_depth': [10]}","['wav_detail_lvl5_std', 'spec_skew', 'wav_detail_lvl3_std']",0.5927505330490405,0.5346153846153846,0.6650717703349283,0.65222373315207,0.6377325066430469,0.5581395348837209,0.743801652892562,0.6505597307434119,0.5266524520255863,0.6551724137931034,0.44028520499108736,0.5871704603842859,0.9636363636363636,0.9983619983619983,0.9312452253628725,0.9942373467936941,0.6235294117647059,0.4608695652173913,0.9636363636363636,0.8824387557046003
RF,0.6688449871203197,0.9602831301612269,0.5959854513600928,0.6424437470662346,0.7483677716410618,0.7669977081741788,0.7514469810887178,"{'n_estimators': [100], 'max_depth': [10]}","['wav_detail_lvl5_std', 'mfcc_1']",0.669683257918552,0.6351931330472103,0.7081339712918661,0.6690201298420653,0.592391304347826,0.5274193548387097,0.6756198347107438,0.5391478478721123,0.5362318840579711,0.6395061728395062,0.46167557932263814,0.6204660294883193,0.9602831301612269,0.9894651539708266,0.9327731092436975,0.9944854067848365,0.585635359116022,0.42063492063492064,0.9636363636363636,0.9341154914562557
RF,0.6685376612586241,0.9647058823529412,0.5944956059850448,0.6536510521281045,0.7334275893915635,0.7677616501145913,0.7624081581776713,"{'n_estimators': [100], 'max_depth': [10]}","['mfcc_mean', 'wav_approx_std', 'mfcc_1']",0.6307692307692307,0.6795580110497238,0.5885167464114832,0.7214942400379167,0.603642671292281,0.5201793721973094,0.71900826446281,0.5386273707775843,0.5272914521112255,0.624390243902439,0.4563279857397504,0.6248975969850297,0.9647058823529412,0.9911361804995971,0.9396485867074102,0.9962691251997364,0.6162790697674418,0.452991452991453,0.9636363636363636,0.9307524578880891
RF,0.6684582105914727,0.968885387948011,0.5933514162523381,0.6519684212872927,0.7487439673564075,0.7830404889228418,0.7561524354205469,"{'n_estimators': [100], 'max_depth': [10]}","['wav_approx_std', 'spec_skew', 'NDSI', 'wav_detail_lvl3_std']",0.6153846153846154,0.6,0.631578947368421,0.6757258385859582,0.6643776824034334,0.5682819383259912,0.7995867768595041,0.6099689940384339,0.5452562704471101,0.702247191011236,0.44563279857397503,0.6612559999642891,0.968885387948011,1.0,0.9396485867074102,0.9947053890410902,0.5483870967741935,0.3893129770992366,0.9272727272727272,0.8391059554729631
RF,0.6684514146150484,0.9677672955974843,0.5936224443694395,0.6425898815391162,0.7387253257109716,0.7662337662337663,0.7545823647055035,"{'n_estimators': [100], 'max_depth': [10]}","['wav_approx_std', 'spec_skew', 'spec_kurtosis', 'mfcc_var']",0.6378132118451025,0.6086956521739131,0.6698564593301436,0.7135130473979618,0.6126760563380281,0.5337423312883436,0.71900826446281,0.5858890744267307,0.49369747899159666,0.6010230179028133,0.41889483065953653,0.6017608613154466,0.9677672955974843,0.9967611336032388,0.9404125286478228,0.9964768533292389,0.6303030303030303,0.4727272727272727,0.9454545454545454,0.8752719870581397
RF,0.6683429422902372,0.9651117208937672,0.5941507476393547,0.6449559456080374,0.7327822473051857,0.7666157372039725,0.7720205469442954,"{'n_estimators': [100], 'max_depth': [10]}","['wav_approx_std', 'spec_skew', 'mfcc_1', 'spec_kurtosis', 'mfcc_var']",0.6558139534883721,0.6380090497737556,0.6746411483253588,0.761678797772626,0.6053097345132743,0.5294117647058824,0.7066115702479339,0.5933180960734921,0.5057232049947971,0.6075,0.43315508021390375,0.6042249771467454,0.9651117208937672,0.9911433172302737,0.9404125286478228,0.996929163163772,0.6097560975609756,0.45871559633027525,0.9090909090909091,0.9039517005648419
RF,0.6683279943700607,0.963166144200627,0.5946184569124192,0.6429089438042822,0.7354000216876659,0.7654698242933538,0.7545978093318328,"{'n_estimators': [100], 'max_depth': [10]}","['mfcc_mean', 'wav_detail_lvl3_std', 'wav_detail_lvl4_std']",0.5651302605210421,0.4862068965517241,0.6746411483253588,0.6502020567211091,0.6173285198555957,0.5480769230769231,0.7066115702479339,0.613562694520838,0.5205183585313174,0.6602739726027397,0.4295900178253119,0.5961592821340739,0.963166144200627,0.9887369267900241,0.9388846447669977,0.9943491187068033,0.6754966887417219,0.53125,0.9272727272727272,0.9187158945763403
RF,0.6683016886677755,0.9731203739774056,0.5920970173403679,0.6454685999790859,0.7366219998221124,0.7776928953399541,0.7816450437484035,"{'n_estimators': [100], 'max_depth': [10]}","['spec_skew', 'mfcc_1', 'NDSI', 'mfcc_var', 'wav_detail_lvl4_std']",0.6195899772209568,0.591304347826087,0.6507177033492823,0.7385326570664834,0.6221821460775473,0.552,0.7128099173553719,0.6099977340148915,0.5383806519453207,0.6564102564102564,0.4563279857397504,0.6516890810824592,0.9731203739774056,0.9928457869634341,0.9541634835752483,0.9982390144242298,0.5882352941176471,0.43478260869565216,0.9090909090909091,0.9097667321539538
RF,0.6683001198067596,0.9684791174152876,0.5932553704046275,0.6519645042839657,0.7468466011894102,0.7826585179526356,0.7693258768168454,"{'n_estimators': [100], 'max_depth': [10]}","['wav_approx_std', 'spec_skew', 'NDSI', 'spec_kurtosis', 'wav_detail_lvl3_std']",0.6070588235294118,0.5972222222222222,0.6172248803827751,0.7220937264639563,0.6643835616438356,0.5672514619883041,0.8016528925619835,0.6232037153694064,0.5472312703583062,0.7,0.44919786096256686,0.6543937181891523,0.9684791174152876,1.0,0.9388846447669977,0.9943676202766053,0.5543478260869565,0.3953488372093023,0.9272727272727272,0.852570603785107
RF,0.6682967793624817,0.9631083202511774,0.5945938941403076,0.6431208024052586,0.7380015059525332,0.7692895339954163,0.7830110253422294,"{'n_estimators': [100], 'max_depth': [10]}","['spec_skew', 'mfcc_1', 'spec_kurtosis', 'mfcc_var', 'wav_detail_lvl4_std']",0.6361556064073226,0.6096491228070176,0.6650717703349283,0.7753506594819509,0.6097122302158273,0.5398089171974523,0.7004132231404959,0.5777321972051932,0.5325077399380805,0.6323529411764706,0.45989304812834225,0.6306576694400607,0.9631083202511774,0.9903147699757869,0.9373567608861727,0.995750883186407,0.6,0.4434782608695652,0.9272727272727272,0.9355637173975352
RF,0.6682003529778981,0.966903073286052,0.5935246729008599,0.6396912123418319,0.753133234154906,0.7799847211611918,0.7557606411903345,"{'n_estimators': [100], 'max_depth': [10]}","['wav_detail_lvl5_std', 'wav_approx_std', 'wav_detail_lvl4_std']",0.5796460176991151,0.5390946502057613,0.6267942583732058,0.5577316809371373,0.6397748592870544,0.5859106529209622,0.7045454545454546,0.6095409888023827,0.5832492431886983,0.672093023255814,0.5151515151515151,0.666492904018667,0.966903073286052,0.9983726606997559,0.9373567608861727,0.9950753927112552,0.5714285714285714,0.40298507462686567,0.9818181818181818,0.9499622394822307
RF,0.6681247900895817,0.9642716921868866,0.5940880645652554,0.6385877278034069,0.7385275171399573,0.7708174178762414,0.7458284030127448,"{'n_estimators': [100], 'max_depth': [10]}","['mfcc_mean', 'spec_kurtosis', 'wav_detail_lvl3_std', 'wav_detail_lvl4_std']",0.5945945945945946,0.5617021276595745,0.631578947368421,0.6516586212128108,0.6345975948196114,0.5745393634840871,0.7086776859504132,0.6264547188452341,0.5281124497991968,0.6045977011494252,0.46880570409982175,0.5755303995365338,0.9642716921868866,0.9919224555735057,0.9381207028265852,0.9955774335479886,0.6190476190476191,0.46017699115044247,0.9454545454545454,0.8799208419211568
RF,0.6680828384543169,0.9637223974763407,0.5941729486988108,0.6381940707079108,0.744548244700229,0.7700534759358288,0.7672647857688935,"{'n_estimators': [100], 'max_depth': [10]}","['wav_detail_lvl5_std', 'spec_kurtosis', 'wav_detail_lvl3_std', 'wav_detail_lvl4_std']",0.6071428571428571,0.5690376569037657,0.6507177033492823,0.6838903853512666,0.625,0.5629139072847682,0.7024793388429752,0.6543030489033465,0.5353535353535354,0.6177156177156177,0.47237076648841353,0.5720151628456406,0.9637223974763407,0.9959250203748982,0.93353705118411,0.9949670260916793,0.6091954022988506,0.44537815126050423,0.9636363636363636,0.9311483056525344
RF,0.668026755718945,0.9739603575592694,0.5915433552588639,0.6428620132232545,0.7362715247038355,0.7769289533995416,0.7856403367752689,"{'n_estimators': [100], 'max_depth': [10]}","['mfcc_1', 'NDSI', 'spec_kurtosis', 'wav_detail_lvl4_std']",0.6177777777777778,0.5767634854771784,0.6650717703349283,0.7514037566465815,0.6145354185832567,0.5538971807628524,0.6900826446280992,0.6296928907735484,0.5386221294363257,0.6498740554156172,0.45989304812834225,0.6397192828120097,0.9739603575592694,0.9912974683544303,0.9572192513368984,0.9981712054409421,0.5952380952380952,0.4424778761061947,0.9090909090909091,0.9092145482032626
RF,0.6679365500175057,0.9680725266062278,0.5929025558703253,0.6448233986457388,0.7414443863669871,0.7727272727272727,0.7614372899157538,"{'n_estimators': [100], 'max_depth': [10]}","['mfcc_mean', 'wav_approx_std', 'spec_skew', 'spec_kurtosis', 'wav_detail_lvl3_std']",0.6153846153846154,0.6,0.631578947368421,0.6919486937238635,0.634061135371179,0.5491679273827534,0.75,0.6041906011988006,0.5210084033613446,0.6342710997442456,0.44206773618538325,0.6305695768293702,0.9680725266062278,1.0,0.9381207028265852,0.9947212550691092,0.6011560693641619,0.4406779661016949,0.9454545454545454,0.8857563227576254
RF,0.6679270964435422,0.9602831301612269,0.5948380880141211,0.6491555176003774,0.7346174624699815,0.773109243697479,0.7748392821781258,"{'n_estimators': [100], 'max_depth': [10]}","['mfcc_mean', 'spec_skew', 'mfcc_1', 'wav_detail_lvl4_std']",0.5792079207920792,0.6,0.5598086124401914,0.6675453479054723,0.6423611111111112,0.5538922155688623,0.7644628099173554,0.6020095394050159,0.546018614270941,0.6502463054187192,0.47058823529411764,0.6612685881806027,0.9602831301612269,0.9894651539708266,0.9327731092436975,0.9963057741628689,0.611764705882353,0.45217391304347826,0.9454545454545454,0.9470671612366696
RF,0.6678960129957914,0.9594647776465959,0.5950038218330902,0.648951296520081,0.7331059052590152,0.7647058823529411,0.7856229624200525,"{'n_estimators': [100], 'max_depth': [10]}","['mfcc_mean', 'spec_skew', 'mfcc_var']",0.6153846153846154,0.6183574879227053,0.6124401913875598,0.7534953012395289,0.611965811965812,0.521865889212828,0.7396694214876033,0.591444452651353,0.5185185185185185,0.6380208333333334,0.43672014260249553,0.6357685082980914,0.9594647776465959,0.989448051948052,0.9312452253628725,0.9957630633637997,0.6341463414634146,0.47706422018348627,0.9454545454545454,0.9516434865474898
RF,0.6678633128355285,0.9674382110631621,0.59296958827862,0.6391043801296412,0.7400885660919435,0.7734912146676852,0.7497940306085122,"{'n_estimators': [100], 'max_depth': [10]}","['mfcc_mean', 'wav_detail_lvl5_std', 'spec_kurtosis', 'wav_detail_lvl3_std']",0.5967365967365967,0.5818181818181818,0.6124401913875598,0.6843016871879481,0.623696682464455,0.5761821366024519,0.6797520661157025,0.6292227246471337,0.549172346640701,0.6051502145922747,0.5026737967914439,0.5767910670784886,0.9674382110631621,0.9943548387096774,0.9419404125286478,0.9949379856738231,0.6022727272727273,0.4380165289256198,0.9636363636363636,0.8637166884551678
RF,0.6678392073837298,0.9647058823529412,0.593622538641427,0.6420400433526807,0.737471802988268,0.7742551566080977,0.7447981696372689,"{'n_estimators': [100], 'max_depth': [10]}","['mfcc_mean', 'spec_skew', 'spec_kurtosis', 'wav_detail_lvl3_std', 'wav_detail_lvl4_std']",0.5963302752293578,0.5726872246696035,0.6220095693779905,0.629844912346533,0.6407239819004525,0.5700483091787439,0.731404958677686,0.6423142094352202,0.5374358974358975,0.6328502415458938,0.46702317290552586,0.5939769064127182,0.9647058823529412,0.9911361804995971,0.9396485867074102,0.9951527479779744,0.6,0.4434782608695652,0.9272727272727272,0.862702072013899
RF,0.6677251977750733,0.9660615627466457,0.5931411065321802,0.6398044844806282,0.7427903497197053,0.7734912146676852,0.7637368280941945,"{'n_estimators': [100], 'max_depth': [10]}","['wav_detail_lvl5_std', 'wav_approx_std', 'spec_kurtosis', 'wav_detail_lvl4_std']",0.5622119815668203,0.5422222222222223,0.583732057416268,0.6366656568085718,0.6357856494096276,0.5672609400324149,0.7231404958677686,0.6108714442677983,0.553877139979859,0.6365740740740741,0.49019607843137253,0.617420709567632,0.9660615627466457,0.9991836734693877,0.935064935064935,0.9954923806838667,0.6206896551724138,0.453781512605042,0.9818181818181818,0.9582339491431038
RF,0.6674041671102582,0.967741935483871,0.5923197250168549,0.6436968778570773,0.7446084096970671,0.7769289533995416,0.7625461007905352,"{'n_estimators': [100], 'max_depth': [10]}","['wav_approx_std', 'spec_skew', 'spec_kurtosis', 'wav_detail_lvl3_std', 'wav_detail_lvl4_std']",0.5882352941176471,0.5579399141630901,0.6220095693779905,0.6744066003087047,0.6614173228346457,0.5735963581183612,0.78099173553719,0.6298188034206231,0.5219251336898396,0.6524064171122995,0.43493761140819964,0.5986366188872048,0.967741935483871,0.9975669099756691,0.9396485867074102,0.9958219641810516,0.5977011494252874,0.4369747899159664,0.9454545454545454,0.9140465171550914
RF,0.6670216968403333,0.9745397571484528,0.5901421817633035,0.6417252832033923,0.7503810815322214,0.7834224598930482,0.7787876825276161,"{'n_estimators': [100], 'max_depth': [10]}","['wav_approx_std', 'NDSI', 'wav_detail_lvl3_std', 'wav_detail_lvl4_std']",0.6187363834422658,0.568,0.6794258373205742,0.6968236503485875,0.6513339466421343,0.5870646766169154,0.731404958677686,0.6227176259018318,0.547945205479452,0.6701030927835051,0.46345811051693403,0.6859904027837245,0.9745397571484528,1.0,0.9503437738731857,0.9971317659125657,0.5425531914893617,0.38345864661654133,0.9272727272727272,0.8912749676913707
RF,0.666853218759998,0.960691823899371,0.5933935674751547,0.6400638170228564,0.7372367111263818,0.7681436210847975,0.7873214356184854,"{'n_estimators': [100], 'max_depth': [10]}","['spec_skew', 'spec_kurtosis', 'mfcc_var', 'wav_detail_lvl4_std']",0.6287015945330297,0.6,0.6602870813397129,0.7704248217277971,0.6132848043676069,0.5479674796747968,0.6962809917355371,0.5985963057928809,0.5350966429298067,0.6232227488151659,0.46880570409982175,0.6362881199281397,0.960691823899371,0.9894736842105263,0.93353705118411,0.9956203306648327,0.5964912280701754,0.4396551724137931,0.9272727272727272,0.9356775999787764
RF,0.6667985679825351,0.9614779874213837,0.593128713122823,0.6447445208557606,0.7478037461178468,0.7723453017570665,0.7558055491216671,"{'n_estimators': [100], 'max_depth': [10]}","['wav_detail_lvl5_std', 'mfcc_var']",0.6544622425629291,0.6271929824561403,0.6842105263157895,0.6784077711690389,0.6179875333926982,0.543035993740219,0.7169421487603306,0.5432948750312482,0.5439153439153439,0.6692708333333334,0.45811051693404636,0.6353188047576955,0.9614779874213837,0.9902834008097166,0.9343009931245225,0.9942426176397967,0.5561497326203209,0.3939393939393939,0.9454545454545454,0.9277636770105558
RF,0.6667829408390462,0.9751937984496124,0.5896802264364047,0.6391523508662932,0.7259990398943396,0.7734912146676852,0.7628556130641765,"{'n_estimators': [100], 'max_depth': [10]}","['mfcc_1', 'NDSI', 'mfcc_var']",0.6031042128603105,0.5619834710743802,0.6507177033492823,0.6988931553274516,0.6032350142721218,0.5590828924162258,0.6549586776859504,0.5783447027806976,0.5321285140562249,0.6091954022988506,0.47237076648841353,0.6408812844530867,0.9751937984496124,0.989771833202203,0.961038961038961,0.9982176151457708,0.620253164556962,0.47572815533980584,0.8909090909090909,0.8979413076138757
RF,0.666557653125541,0.9647058823529412,0.5920205958186909,0.652086071490411,0.7269536749018877,0.7662337662337663,0.7538007495444887,"{'n_estimators': [100], 'max_depth': [10]}","['mfcc_mean', 'wav_approx_std', 'mfcc_1', 'mfcc_var']",0.6285714285714286,0.6875,0.5789473684210527,0.6976804896273003,0.594547053649956,0.5176110260336907,0.6983471074380165,0.5376145135606574,0.5331991951710262,0.6120092378752887,0.47237076648841353,0.6282813223284064,0.9647058823529412,0.9911361804995971,0.9396485867074102,0.9960173934438293,0.611764705882353,0.45217391304347826,0.9454545454545454,0.9094100287622501
RF,0.6661180609868289,0.9692913385826771,0.5903247415878669,0.6407012585560619,0.7483743632294153,0.7818945760122231,0.7643497226539461,"{'n_estimators': [100], 'max_depth': [10]}","['wav_detail_lvl5_std', 'wav_approx_std', 'NDSI', 'wav_detail_lvl4_std']",0.6088888888888889,0.5684647302904564,0.6555023923444976,0.6166321392847917,0.6469500924214417,0.5852842809364549,0.7231404958677686,0.6144585225067235,0.5714285714285714,0.6747572815533981,0.49554367201426025,0.6811297344015992,0.9692913385826771,1.0,0.9404125286478228,0.9966640592130789,0.5340314136125655,0.375,0.9272727272727272,0.9128641578635375
RF,0.6661017640347422,0.9727414330218068,0.589441846787976,0.6430927358048752,0.7365853257353399,0.7807486631016043,0.7787111397379586,"{'n_estimators': [100], 'max_depth': [10]}","['spec_skew', 'NDSI', 'mfcc_var', 'wav_detail_lvl4_std']",0.5995423340961098,0.5745614035087719,0.6267942583732058,0.7250902520441839,0.6349496797804208,0.5697865353037767,0.7169421487603306,0.6181316557541261,0.5550935550935551,0.6658354114713217,0.47593582887700536,0.6454420013637827,0.9727414330218068,0.9920571882446386,0.9541634835752483,0.9979689349069579,0.5681818181818182,0.4132231404958678,0.9090909090909091,0.906922854620742
RF,0.6659726262412037,0.9664694280078896,0.5908484257995322,0.6415523489645221,0.7474920041961979,0.7750190985485104,0.7746607503848946,"{'n_estimators': [100], 'max_depth': [10]}","['wav_detail_lvl5_std', 'wav_approx_std', 'spec_skew', 'spec_kurtosis', 'wav_detail_lvl3_std']",0.5650224215246636,0.5316455696202531,0.6028708133971292,0.6766677508738612,0.6490765171503958,0.5650842266462481,0.762396694214876,0.6162753483057538,0.5425531914893617,0.6728232189973615,0.45454545454545453,0.6358733995918245,0.9664694280078896,0.9991843393148451,0.9358288770053476,0.9951962946616082,0.6067415730337079,0.43902439024390244,0.9818181818181818,0.9492909584914254
RF,0.6657690440140176,0.970783015192832,0.5895155512193141,0.6391597658117847,0.7348821738351713,0.7708174178762414,0.6765776708111274,"{'n_estimators': [100], 'max_depth': [10]}","['spec_skew', 'NDSI', 'spec_kurtosis', 'mfcc_var']",0.6329670329670329,0.5853658536585366,0.6889952153110048,0.6480472223568491,0.6075022872827082,0.5451559934318555,0.6859504132231405,0.6012833147475698,0.5151832460732985,0.6243654822335025,0.4385026737967914,0.6021302271834817,0.970783015192832,0.9904610492845787,0.9518716577540107,0.9976840069166566,0.6024096385542169,0.45045045045045046,0.9090909090909091,0.53374358285108
RF,0.6656581814035423,0.9253030895580758,0.6007469543649089,0.6439686612914701,0.7406742061765985,0.7536287242169595,0.7735494930872993,"{'n_estimators': [100], 'max_depth': [10]}","['mfcc_1', 'mfcc_var', 'wav_detail_lvl3_std']",0.6875,0.6443514644351465,0.7368421052631579,0.7803345501993021,0.5828877005347594,0.512539184952978,0.6756198347107438,0.4904417712733617,0.5530546623794212,0.6935483870967742,0.45989304812834225,0.6920524617036484,0.9253030895580758,0.9479166666666666,0.9037433155080213,0.9766521667175204,0.5795454545454546,0.4214876033057851,0.9272727272727272,0.9282665155426639
RF,0.6656558114552747,0.9552703228315831,0.5932521836111977,0.6476982007975763,0.7285531037121243,0.7627960275019099,0.7536200469891768,"{'n_estimators': [100], 'max_depth': [10]}","['mfcc_mean', 'mfcc_1']",0.6123456790123457,0.6326530612244898,0.5933014354066986,0.698848762776239,0.5795555555555556,0.5085803432137286,0.6735537190082644,0.5296847434890253,0.5501551189245087,0.6551724137931034,0.4741532976827095,0.6296195952926814,0.9552703228315831,0.9730586370839936,0.9381207028265852,0.9945192419684039,0.6309523809523809,0.4690265486725664,0.9636363636363636,0.9154278914195345
RF,0.6652513010207789,0.9656533754441374,0.5901507824149393,0.640339963664898,0.7484794874887755,0.773109243697479,0.7652955109231867,"{'n_estimators': [100], 'max_depth': [10]}","['wav_detail_lvl5_std', 'wav_approx_std', 'spec_skew', 'spec_kurtosis']",0.5548098434004475,0.5210084033613446,0.5933014354066986,0.6384419597340582,0.6532751091703056,0.5658093797276853,0.7727272727272727,0.6225840947730514,0.5310492505353319,0.6648793565683646,0.44206773618538325,0.6259431843053822,0.9656533754441374,0.9991830065359477,0.9343009931245225,0.9949888811489358,0.6214689265536724,0.45081967213114754,1.0,0.9445194346545059
RF,0.6651922034255229,0.9753617520531873,0.5876498162686068,0.6462419669726357,0.7361297263577027,0.7776928953399541,0.7703068632549493,"{'n_estimators': [100], 'max_depth': [10]}","['wav_approx_std', 'mfcc_1', 'NDSI']",0.6198547215496368,0.6274509803921569,0.6124401913875598,0.7052077885271475,0.6295313881520778,0.5502318392581144,0.7355371900826446,0.6020336869285833,0.5313807531380753,0.6430379746835443,0.45276292335115864,0.6479400303687297,0.9753617520531873,0.999198717948718,0.9526355996944232,0.9982559899598598,0.5698324022346368,0.4112903225806452,0.9272727272727272,0.8980968204904263
RF,0.6650454629057067,0.9607298690995637,0.5911243613572424,0.6375123382146349,0.7485602435841671,0.7681436210847975,0.7464594285907562,"{'n_estimators': [100], 'max_depth': [10]}","['wav_detail_lvl5_std', 'spec_skew']",0.5702127659574469,0.5134099616858238,0.6411483253588517,0.6106546079235599,0.6443661971830986,0.5613496932515337,0.756198347107438,0.6136608512389096,0.5256410256410257,0.656,0.4385026737967914,0.5665352291754535,0.9607298690995637,0.9991749174917491,0.9251336898395722,0.9937702754346525,0.6242774566473989,0.4576271186440678,0.9818181818181818,0.9476761791812053
RF,0.6650130171753642,0.9644549763033176,0.5901525273933759,0.6379802958740683,0.7509867278794946,0.7685255920550038,0.7548944608143503,"{'n_estimators': [100], 'max_depth': [10]}","['wav_detail_lvl5_std', 'spec_skew', 'spec_kurtosis']",0.5793991416309013,0.5252918287937743,0.645933014354067,0.6535740468979875,0.6468531468531469,0.5606060606060606,0.7644628099173554,0.6143062882612034,0.5021739130434782,0.6434540389972145,0.4117647058823529,0.5587495463388678,0.9644549763033176,0.9983646770237122,0.9327731092436975,0.9930851941118359,0.632183908045977,0.46218487394957986,1.0,0.9547572284618568
RF,0.6649981791322364,0.9673356946084218,0.58941380026319,0.6371290249905199,0.7459605381952693,0.7757830404889229,0.7696243858132223,"{'n_estimators': [100], 'max_depth': [10]}","['wav_detail_lvl5_std', 'wav_approx_std', 'wav_detail_lvl3_std', 'wav_detail_lvl4_std']",0.591792656587473,0.5393700787401575,0.6555023923444976,0.6712474716484583,0.6334256694367497,0.5726210350584308,0.7086776859504132,0.5937483113754219,0.5578512396694215,0.6633906633906634,0.48128342245989303,0.6659139177862352,0.9673356946084218,0.997564935064935,0.9388846447669977,0.9958645303631684,0.574585635359116,0.4126984126984127,0.9454545454545454,0.9213476978928281
RF,0.6648830238167898,0.9658421672555948,0.5896432379570884,0.6341169929675176,0.7418894952500356,0.7685255920550038,0.74243672539658,"{'n_estimators': [100], 'max_depth': [10]}","['mfcc_mean', 'wav_detail_lvl5_std', 'spec_kurtosis']",0.5900216919739696,0.5396825396825397,0.6507177033492823,0.6363995274016531,0.6372819100091828,0.5735537190082645,0.7169421487603306,0.6037237413473998,0.5077399380804953,0.6029411764705882,0.4385026737967914,0.5556562653304589,0.9658421672555948,0.9935379644588045,0.9396485867074102,0.9953076622539391,0.6235294117647059,0.4608695652173913,0.9636363636363636,0.9210964306494492
RF,0.6647991259363852,0.9680725266062278,0.5889807757689246,0.641092764964174,0.7352352928992387,0.773109243697479,0.7583799502561269,"{'n_estimators': [100], 'max_depth': [10]}","['mfcc_mean', 'wav_approx_std', 'spec_skew', 'wav_detail_lvl3_std']",0.5920745920745921,0.5772727272727273,0.6076555023923444,0.6930245208440529,0.6341895482728078,0.5550387596899224,0.7396694214876033,0.5734862458853458,0.5366357069143447,0.6372549019607843,0.46345811051693403,0.628666123347146,0.9680725266062278,1.0,0.9381207028265852,0.9948742750404164,0.5930232558139535,0.4358974358974359,0.9272727272727272,0.9018485861636732
RF,0.6644335233765739,0.9727626459143969,0.5873512427421181,0.6403057995603326,0.734822106310989,0.7761650114591291,0.7758896497060396,"{'n_estimators': [100], 'max_depth': [10]}","['spec_skew', 'mfcc_1', 'NDSI', 'wav_detail_lvl4_std']",0.6057906458797327,0.5666666666666667,0.6507177033492823,0.7127935530501729,0.6235186873290793,0.5579119086460033,0.7066115702479339,0.6252978736000693,0.5353003161222339,0.654639175257732,0.45276292335115864,0.6291961146119194,0.9727626459143969,0.9912767644726408,0.9549274255156608,0.9980564231395421,0.5847953216374269,0.43103448275862066,0.9090909090909091,0.9141042841284941
RF,0.6633764639944741,0.957176843774782,0.5899263690493972,0.6471767391574887,0.729253408192333,0.7773109243697479,0.7678309469075585,"{'n_estimators': [100], 'max_depth': [10]}","['mfcc_mean', 'NDSI']",0.555,0.581151832460733,0.5311004784688995,0.6084978939609875,0.6712211784799317,0.5720524017467249,0.8119834710743802,0.6376985984926676,0.5670103092783505,0.6723716381418093,0.49019607843137253,0.6881986792729506,0.957176843774782,0.9950535861500412,0.922077922077922,0.9960418600637713,0.5664739884393064,0.4152542372881356,0.8909090909090909,0.9087177027474156
RF,0.6632178601857109,0.9616449189402926,0.5886110954970656,0.6348616102802349,0.7452469652497797,0.7677616501145913,0.7597559235655338,"{'n_estimators': [100], 'max_depth': [10]}","['wav_detail_lvl5_std', 'spec_kurtosis', 'wav_detail_lvl3_std']",0.5689655172413793,0.5176470588235295,0.631578947368421,0.6604851290419986,0.6331838565022422,0.5594294770206022,0.7293388429752066,0.6499837758781509,0.5351521511017838,0.6505102040816326,0.45454545454545453,0.5781933471258821,0.9616449189402926,0.9967213114754099,0.9289533995416348,0.9942145895305651,0.6171428571428571,0.45,0.9818181818181818,0.9159027762510717
RF,0.6631086391136216,0.9685781618224666,0.5867412584364105,0.6370298622548956,0.7441848910072946,0.7727272727272727,0.777569642035502,"{'n_estimators': [100], 'max_depth': [10]}","['wav_approx_std', 'mfcc_1', 'wav_detail_lvl4_std']",0.6351351351351351,0.6,0.6746411483253588,0.7459481197288043,0.6139705882352942,0.5529801324503312,0.6900826446280992,0.562941146587718,0.5417095777548918,0.6414634146341464,0.46880570409982175,0.6534774930466279,0.9685781618224666,0.9967663702506063,0.9419404125286478,0.995838732561993,0.5561497326203209,0.3939393939393939,0.9454545454545454,0.929642718252367
RF,0.6630455830294015,0.9620253164556962,0.5883006496728278,0.6340980949410335,0.7451164737317285,0.7681436210847975,0.7427493943391246,"{'n_estimators': [100], 'max_depth': [10]}","['wav_detail_lvl5_std', 'spec_skew', 'spec_kurtosis', 'wav_detail_lvl3_std']",0.5646551724137931,0.5137254901960784,0.6267942583732058,0.6524823308445626,0.6384892086330936,0.5652866242038217,0.7334710743801653,0.628356645565346,0.5329153605015674,0.6439393939393939,0.45454545454545453,0.5728116439864676,0.9620253164556962,0.9975389663658737,0.9289533995416348,0.9938844161690663,0.6171428571428571,0.45,0.9818181818181818,0.8662119351301802
RF,0.6630204213624951,0.9680725266062278,0.5867573950515619,0.6348707546141811,0.7381573647292757,0.7677616501145913,0.7561764742045735,"{'n_estimators': [100], 'max_depth': [10]}","['wav_approx_std', 'spec_kurtosis', 'wav_detail_lvl3_std', 'wav_detail_lvl4_std']",0.6013363028953229,0.5625,0.645933014354067,0.6840781343355296,0.6339285714285714,0.5581761006289309,0.7334710743801653,0.6021645262349538,0.5,0.6015037593984962,0.42780748663101603,0.5913751647018646,0.9680725266062278,1.0,0.9381207028265852,0.9957286831116333,0.611764705882353,0.45217391304347826,0.9454545454545454,0.9075358626388859
RF,0.662939620085419,0.960691823899371,0.588501569131931,0.6441709383946769,0.7275757332075935,0.7605042016806722,0.7892748325488036,"{'n_estimators': [100], 'max_depth': [10]}","['mfcc_mean', 'spec_skew', 'mfcc_1', 'spec_kurtosis']",0.6135265700483091,0.6195121951219512,0.6076555023923444,0.7374360761322517,0.6005132591958939,0.5124087591240876,0.7252066115702479,0.618992479323221,0.5058201058201058,0.6223958333333334,0.42602495543672014,0.6450674512106103,0.960691823899371,0.9894736842105263,0.93353705118411,0.9956935814034332,0.6341463414634146,0.47706422018348627,0.9454545454545454,0.9491845746745015
RF,0.6627401903121689,0.9635437083496668,0.5875393108027944,0.6377881021238531,0.740257632413557,0.7677616501145913,0.7807396855389672,"{'n_estimators': [100], 'max_depth': [10]}","['spec_skew', 'mfcc_1', 'mfcc_var', 'wav_detail_lvl4_std']",0.6389496717724289,0.5887096774193549,0.6985645933014354,0.7551322573972493,0.605570530098832,0.5357710651828299,0.6962809917355371,0.5780510834046001,0.5260915867944622,0.6534391534391535,0.44028520499108736,0.6395438643100746,0.9635437083496668,0.9895330112721417,0.9388846447669977,0.9960392994909197,0.5795454545454546,0.4214876033057851,0.9272727272727272,0.9349319230919927
RF,0.6623035226119245,0.9705072748721982,0.585252584546856,0.633370322424234,0.7430147683257731,0.7711993888464477,0.7733127384860244,"{'n_estimators': [100], 'max_depth': [10]}","['wav_approx_std', 'wav_detail_lvl3_std', 'wav_detail_lvl4_std']",0.6070686070686071,0.5367647058823529,0.6985645933014354,0.6688921428586868,0.6332116788321168,0.5669934640522876,0.7169421487603306,0.6059517758256796,0.5111346765641569,0.6308900523560209,0.4295900178253119,0.6730921047349787,0.9705072748721982,1.0,0.9427043544690603,0.9960791238477515,0.5895953757225434,0.4322033898305085,0.9272727272727272,0.922548545163026
RF,0.6621828952785489,0.9733333333333334,0.5843952857648527,0.6371961493414847,0.7337365655266022,0.7796027501909855,0.746927030531913,"{'n_estimators': [100], 'max_depth': [10]}","['wav_approx_std', 'spec_skew', 'NDSI', 'wav_detail_lvl4_std']",0.5688073394495413,0.5462555066079295,0.5933014354066986,0.6025515294286916,0.6575591985428051,0.5879478827361564,0.7458677685950413,0.6496145693583459,0.5430327868852459,0.6385542168674698,0.47237076648841353,0.601546307865657,0.9733333333333334,1.0,0.948051948051948,0.9974258250335591,0.5681818181818182,0.4132231404958678,0.9090909090909091,0.8834969209733117
RF,0.661819731263585,0.9676656151419558,0.5853582602939923,0.6409880971841473,0.742777410224638,0.7719633307868602,0.74866551695319,"{'n_estimators': [100], 'max_depth': [10]}","['wav_approx_std', 'spec_skew', 'spec_kurtosis', 'wav_detail_lvl3_std']",0.5831435079726651,0.5565217391304348,0.6124401913875598,0.6450623574109137,0.6495726495726496,0.5539358600583091,0.7851239669421488,0.5926282301305805,0.5098468271334792,0.660056657223796,0.41532976827094475,0.6150153029667236,0.9676656151419558,1.0,0.9373567608861727,0.9936170458694304,0.5988700564971752,0.4344262295081967,0.9636363636363636,0.8970046483883015
RF,0.6618172570470602,0.9672841939298384,0.5854505228263657,0.6374058359697077,0.7321510509379916,0.7620320855614974,0.7697749313650745,"{'n_estimators': [100], 'max_depth': [10]}","['wav_approx_std', 'spec_skew', 'mfcc_1', 'mfcc_var']",0.6561797752808989,0.6186440677966102,0.6985645933014354,0.7464327382583038,0.5931758530183727,0.5144157814871017,0.7004132231404959,0.5845150934456046,0.4936440677966102,0.608355091383812,0.41532976827094475,0.6063992190966073,0.9672841939298384,0.999185667752443,0.9373567608861727,0.9972558598669863,0.5988023952095808,0.44642857142857145,0.9090909090909091,0.9142717461578701
RF,0.6611559474834331,0.9654631083202512,0.5850791572742285,0.6395411822757603,0.7350471341211561,0.7624140565317036,0.7646392287386583,"{'n_estimators': [100], 'max_depth': [10]}","['wav_approx_std', 'spec_skew', 'mfcc_var']",0.6525821596244131,0.6405529953917051,0.6650717703349283,0.7087083966864733,0.6096718480138169,0.5237388724035609,0.7293388429752066,0.5808453111863381,0.47690655209452204,0.6,0.39572192513368987,0.6007066458043229,0.9654631083202512,0.9927360774818402,0.9396485867074102,0.9963066274574063,0.6011560693641619,0.4406779661016949,0.9454545454545454,0.9366291625587507
RF,0.6609845508767389,0.9661949685534591,0.5846819464575589,0.6378050754799036,0.7293441064986238,0.7608861726508785,0.7569390121208797,"{'n_estimators': [100], 'max_depth': [10]}","['wav_approx_std', 'spec_skew', 'mfcc_1', 'spec_kurtosis']",0.6284403669724771,0.6035242290748899,0.6555023923444976,0.7367086848922659,0.6091458153580673,0.522962962962963,0.7293388429752066,0.5898932412337112,0.4753747323340471,0.5951742627345844,0.39572192513368987,0.5999424685625832,0.9661949685534591,0.9951417004048583,0.9388846447669977,0.9967730084788905,0.6257668711656442,0.4722222222222222,0.9272727272727272,0.8613776574369476
RF,0.6604932041385455,0.9725490196078431,0.582479250271221,0.6370391805120272,0.7322077312873823,0.7784568372803667,0.760740653080902,"{'n_estimators': [100], 'max_depth': [10]}","['wav_approx_std', 'NDSI', 'spec_kurtosis', 'wav_detail_lvl4_std']",0.5619047619047619,0.5592417061611374,0.5645933014354066,0.6524740985267504,0.6478102189781022,0.5800653594771242,0.7334710743801653,0.6436950288376899,0.5535353535353535,0.6386946386946387,0.48841354723707664,0.6080152558874233,0.9725490196078431,0.9991941982272361,0.9472880061115355,0.9974305680329781,0.5666666666666667,0.408,0.9272727272727272,0.9020883141196685
RF,0.660321934798066,0.9615082482325216,0.5850253564394522,0.6347679056687535,0.7356642335054944,0.76585179526356,0.7802992964296311,"{'n_estimators': [100], 'max_depth': [10]}","['spec_skew', 'mfcc_var', 'wav_detail_lvl4_std']",0.6349206349206349,0.603448275862069,0.6698564593301436,0.7433948478697219,0.6049046321525886,0.539708265802269,0.6880165289256198,0.6010565502167531,0.5304437564499485,0.6299019607843137,0.45811051693404636,0.6312392047098911,0.9615082482325216,0.9894907033144705,0.935064935064935,0.9954016925254099,0.5698324022346368,0.4112903225806452,0.9272727272727272,0.9304041868263799
RF,0.6599853316762354,0.9729305610043154,0.5817490243442155,0.6356460709402285,0.7336363149000358,0.7776928953399541,0.7601421567251092,"{'n_estimators': [100], 'max_depth': [10]}","['wav_approx_std', 'spec_skew', 'NDSI', 'spec_kurtosis', 'wav_detail_lvl4_std']",0.558891454965358,0.5401785714285714,0.5789473684210527,0.6436422280356513,0.6528028933092225,0.5803858520900321,0.7458677685950413,0.6484720685585219,0.5422680412371134,0.6430317848410758,0.46880570409982175,0.6033040233767355,0.9729305610043154,1.0,0.9472880061115355,0.9968694549648316,0.5730337078651685,0.4146341463414634,0.9272727272727272,0.9084230086898064
RF,0.6599544007375995,0.9654088050314465,0.5835907996641377,0.6369887670737138,0.7272531352688966,0.7605042016806722,0.7676675083078837,"{'n_estimators': [100], 'max_depth': [10]}","['wav_approx_std', 'mfcc_1', 'spec_kurtosis', 'mfcc_var']",0.6323185011709602,0.6192660550458715,0.645933014354067,0.7620982602087563,0.595968448729185,0.517503805175038,0.7024793388429752,0.5766048969640807,0.4952978056426332,0.5984848484848485,0.42245989304812837,0.6089065910537996,0.9654088050314465,0.994331983805668,0.9381207028265852,0.9972242278160275,0.6107784431137725,0.45535714285714285,0.9272727272727272,0.8935035654967542
RF,0.6599486584134844,0.9730994152046784,0.5816609692156859,0.6427680376389729,0.7288742639291471,0.7769289533995416,0.7687636187211518,"{'n_estimators': [100], 'max_depth': [10]}","['wav_approx_std', 'NDSI', 'mfcc_var']",0.6044226044226044,0.6212121212121212,0.5885167464114832,0.7061835678674202,0.6322350845948352,0.5555555555555556,0.7334710743801653,0.5902285899340483,0.5375,0.6466165413533834,0.45989304812834225,0.6446512271427729,0.9730994152046784,0.9936305732484076,0.9533995416348358,0.9980673682335973,0.5524861878453039,0.3968253968253968,0.9090909090909091,0.9046873404279203
RF,0.659844551515014,0.9736229635376261,0.581399948509361,0.6301375728510612,0.7209547081120398,0.7685255920550038,0.673236644839112,"{'n_estimators': [100], 'max_depth': [10]}","['NDSI', 'mfcc_var']",0.5654885654885655,0.5,0.6507177033492823,0.5295841129813847,0.5891625615763547,0.5630885122410546,0.6177685950413223,0.5706213001544675,0.5427435387673957,0.6134831460674157,0.48663101604278075,0.5843487345177774,0.9736229635376261,0.9889676910953507,0.9587471352177235,0.9979097026078325,0.6282051282051282,0.48514851485148514,0.8909090909090909,0.683719373934098
RF,0.6594922027166602,0.970381917381138,0.5817697740505408,0.6353227183710377,0.7255544671108983,0.7689075630252101,0.7839669173468372,"{'n_estimators': [100], 'max_depth': [10]}","['spec_skew', 'mfcc_1', 'NDSI', 'spec_kurtosis', 'wav_detail_lvl4_std']",0.605080831408776,0.5848214285714286,0.6267942583732058,0.7432021407615057,0.6071103008204193,0.5432300163132137,0.6880165289256198,0.6281593668380929,0.5231719876416066,0.6195121951219512,0.45276292335115864,0.6306891349836048,0.970381917381138,0.9904534606205251,0.9511077158135982,0.9979162222329321,0.591715976331361,0.43859649122807015,0.9090909090909091,0.9198677219180507
RF,0.6594073064695792,0.96398891966759,0.5832619031700766,0.6303843432962055,0.7266195873738795,0.7570664629488159,0.7418359253861064,"{'n_estimators': [100], 'max_depth': [10]}","['mfcc_mean', 'wav_approx_std', 'spec_skew']",0.5874439461883408,0.5527426160337553,0.6267942583732058,0.6044111135665853,0.599640933572711,0.5301587301587302,0.6900826446280992,0.5975190667807155,0.5,0.5784543325526932,0.44028520499108736,0.5727057964024753,0.96398891966759,1.0,0.93048128342246,0.9939253191558148,0.6459627329192547,0.49056603773584906,0.9454545454545454,0.9406183310249414
RF,0.6593174668284505,0.9713163064833006,0.5813177569147381,0.6391007142391942,0.7438559573459658,0.7826585179526356,0.7649869513939234,"{'n_estimators': [100], 'max_depth': [10]}","['wav_detail_lvl5_std', 'wav_approx_std', 'NDSI']",0.5577342047930284,0.512,0.6124401913875598,0.5602549565905388,0.6654708520179372,0.5879556259904913,0.7665289256198347,0.6498262133017662,0.5680345572354212,0.7205479452054795,0.46880570409982175,0.6934692067254031,0.9713163064833006,1.0,0.9442322383498855,0.9961902335028078,0.5340314136125655,0.375,0.9272727272727272,0.9251941468491011
RF,0.6590833446822714,0.9611111111111111,0.5835764030750614,0.6404015424052433,0.7336852339892024,0.7700534759358288,0.7516036722696626,"{'n_estimators': [100], 'max_depth': [10]}","['wav_approx_std', 'NDSI', 'spec_kurtosis']",0.5555555555555556,0.5381165919282511,0.5741626794258373,0.6021049588449059,0.6605196982397318,0.5557122708039492,0.8140495867768595,0.6573015557294752,0.5217391304347826,0.6685236768802229,0.42780748663101603,0.5974840311947311,0.9611111111111111,1.0,0.9251336898395722,0.9944349802863582,0.5964912280701754,0.4396551724137931,0.9272727272727272,0.906692835292843
RF,0.6585438727008224,0.9652173913043478,0.5818754930499411,0.6386475846943969,0.7395189968114257,0.7719633307868602,0.755142227532955,"{'n_estimators': [100], 'max_depth': [10]}","['wav_approx_std', 'spec_skew', 'wav_detail_lvl3_std']",0.5662921348314607,0.5338983050847458,0.6028708133971292,0.6337746988746218,0.6512425021422451,0.5563689604685212,0.7851239669421488,0.6018527365185904,0.5289617486338798,0.6836158192090396,0.43137254901960786,0.6187373866847671,0.9652173913043478,1.0,0.9327731092436975,0.9930707937771963,0.5810055865921788,0.41935483870967744,0.9454545454545454,0.928275521809599
RF,0.6583794533947893,0.962671905697446,0.5823063403191253,0.6336872311021824,0.7323636875367806,0.7639419404125286,0.7788566417171079,"{'n_estimators': [100], 'max_depth': [10]}","['spec_kurtosis', 'mfcc_var', 'wav_detail_lvl4_std']",0.6403712296983759,0.6216216216216216,0.6602870813397129,0.7766120190363213,0.600181323662738,0.5347334410339257,0.6838842975206612,0.5770043895493098,0.5220061412487206,0.6129807692307693,0.45454545454545453,0.620715916252755,0.962671905697446,0.9911003236245954,0.9358288770053476,0.9936101391722841,0.5666666666666667,0.408,0.9272727272727272,0.9263407445748695
RF,0.6582489288810227,0.9642154935116005,0.5817572877233782,0.6291906091433469,0.7330648814549743,0.7662337662337663,0.7323665941095439,"{'n_estimators': [100], 'max_depth': [10]}","['mfcc_mean', 'spec_kurtosis', 'wav_detail_lvl3_std']",0.5769230769230769,0.5212355212355212,0.645933014354067,0.6045602843814876,0.6268382352941176,0.5645695364238411,0.7045454545454546,0.6083970948953544,0.5232678386763185,0.6231527093596059,0.45098039215686275,0.5923029458857731,0.9642154935116005,0.993517017828201,0.9365928189457601,0.9948643204430584,0.6,0.4434782608695652,0.9272727272727272,0.8617083249420454
RF,0.6577272793411738,0.9654901960784313,0.5807865501568594,0.6353808129446398,0.7296625618494461,0.7597402597402597,0.7568748098897096,"{'n_estimators': [100], 'max_depth': [10]}","['wav_approx_std', 'mfcc_1', 'spec_kurtosis']",0.6352941176470588,0.625,0.645933014354067,0.7208264119417812,0.6046915725456126,0.5217391304347826,0.71900826446281,0.5691956794204107,0.4749733759318424,0.58994708994709,0.39750445632798576,0.5886016505070946,0.9654901960784313,0.991941982272361,0.9404125286478228,0.9964284127798808,0.6081871345029239,0.4482758620689655,0.9454545454545454,0.9093218947993804
RF,0.6574315981178737,0.962234461054288,0.5812308823837701,0.6307473173442866,0.7291441413450983,0.767379679144385,0.7420404142367548,"{'n_estimators': [100], 'max_depth': [10]}","['mfcc_mean', 'spec_skew', 'wav_detail_lvl3_std', 'wav_detail_lvl4_std']",0.579064587973274,0.5416666666666666,0.6220095693779905,0.6285768933898176,0.6383363471971067,0.567524115755627,0.7293388429752066,0.6367237983957383,0.5227272727272727,0.6216216216216216,0.45098039215686275,0.5785992761472392,0.962234461054288,0.991889699918897,0.9343009931245225,0.9952738449753007,0.5847953216374269,0.43103448275862066,0.9090909090909091,0.8710282582756786
RF,0.6573514711993711,0.9647335423197492,0.5805059534192766,0.6334163834961228,0.7360791624174681,0.7662337662337663,0.7823495168049741,"{'n_estimators': [100], 'max_depth': [10]}","['mfcc_1', 'spec_kurtosis', 'mfcc_var', 'wav_detail_lvl4_std']",0.6325167037861915,0.5916666666666667,0.6794258373205742,0.7647106962447864,0.6068222621184919,0.5365079365079365,0.6983471074380165,0.5715327266541511,0.5191489361702127,0.6437994722955145,0.43493761140819964,0.6539208122688945,0.9647335423197492,0.9903459372485921,0.9404125286478228,0.9958226757466002,0.56353591160221,0.40476190476190477,0.9272727272727272,0.9257606731104383
RF,0.6572598765253911,0.96700706991359,0.5798230781783413,0.6306914826052361,0.7307777099530547,0.7708174178762414,0.7450998413399847,"{'n_estimators': [100], 'max_depth': [10]}","['mfcc_mean', 'wav_detail_lvl5_std', 'spec_skew', 'wav_detail_lvl3_std']",0.580952380952381,0.5781990521327014,0.583732057416268,0.6580179807908152,0.6211538461538462,0.5809352517985612,0.6673553719008265,0.6309850682572644,0.5550239234449761,0.5991735537190083,0.5169340463458111,0.5856740227454041,0.96700706991359,0.9951495553759094,0.9404125286478228,0.9948340237567784,0.5621621621621622,0.4,0.9454545454545454,0.8559881111496617
RF,0.6562400516048276,0.9647335423197492,0.5791166789260971,0.6303089453294631,0.7298629047095132,0.7616501145912911,0.7772475501262998,"{'n_estimators': [100], 'max_depth': [10]}","['mfcc_1', 'spec_kurtosis', 'wav_detail_lvl4_std']",0.6436781609195402,0.6194690265486725,0.6698564593301436,0.7780174873910887,0.593607305936073,0.5319148936170213,0.6714876033057852,0.5834112244289081,0.5061475409836066,0.5951807228915663,0.44028520499108736,0.6070420573808211,0.9647335423197492,0.9903459372485921,0.9404125286478228,0.9957021379932859,0.5730337078651685,0.4146341463414634,0.9272727272727272,0.9220648434373946
RF,0.6562185616751995,0.9610696028313016,0.5800058013861741,0.624640759251952,0.7266065138539105,0.7597402597402597,0.7215687244497869,"{'n_estimators': [100], 'max_depth': [10]}","['mfcc_mean', 'spec_skew', 'spec_kurtosis', 'wav_detail_lvl4_std']",0.5454545454545454,0.5082644628099173,0.5885167464114832,0.5263599975542091,0.6221804511278195,0.5706896551724138,0.6838842975206612,0.6304580290090417,0.5138339920948617,0.5764966740576497,0.46345811051693403,0.5620748079826657,0.9610696028313016,0.9902755267423015,0.93353705118411,0.9952112035370266,0.6385542168674698,0.4774774774774775,0.9636363636363636,0.8937395841659911
RF,0.655739180978248,0.9668769716088328,0.5779547333206019,0.6340154393023634,0.7386517094876228,0.7669977081741788,0.7483079669874321,"{'n_estimators': [100], 'max_depth': [10]}","['wav_detail_lvl5_std', 'spec_skew', 'NDSI']",0.5919661733615222,0.5303030303030303,0.6698564593301436,0.6179669376773458,0.6431642304385211,0.5508100147275405,0.7727272727272727,0.6525433861882981,0.48709315375982043,0.6575757575757576,0.3868092691622103,0.5597083242847753,0.9668769716088328,0.9991850040749797,0.9365928189457601,0.9946085308068214,0.5895953757225434,0.4322033898305085,0.9272727272727272,0.9167126559799198
RF,0.655680951099255,0.9664429530201343,0.577990450619035,0.637215130584034,0.7342057988919797,0.773109243697479,0.739839009276932,"{'n_estimators': [100], 'max_depth': [10]}","['wav_approx_std', 'spec_skew', 'NDSI', 'spec_kurtosis']",0.5576036866359447,0.5377777777777778,0.5789473684210527,0.6076345849310023,0.6626916524701874,0.563768115942029,0.8037190082644629,0.6643302887804653,0.5218340611353712,0.6732394366197183,0.42602495543672014,0.5997434616303893,0.9664429530201343,1.0,0.935064935064935,0.9942633696101433,0.5698324022346368,0.4112903225806452,0.9272727272727272,0.8332233414326602
RF,0.655512003916068,0.9353551476456504,0.5855512179836725,0.634930856011584,0.7361239998391701,0.7532467532467533,0.7592334361193339,"{'n_estimators': [100], 'max_depth': [10]}","['mfcc_1', 'mfcc_var', 'wav_detail_lvl4_std']",0.6635730858468677,0.6441441441441441,0.6842105263157895,0.7161927983894456,0.5804749340369393,0.5053598774885145,0.6818181818181818,0.5192324314735619,0.5696594427244582,0.6764705882352942,0.4919786096256685,0.6716456606211121,0.9353551476456504,0.9791144527986633,0.8953399541634836,0.988365965473467,0.5284974093264249,0.3695652173913043,0.9272727272727272,0.9007303246390831
RF,0.6553903289914513,0.9598741148701809,0.579269382521769,0.6243051591889724,0.7275640608570526,0.760122230710466,0.7210119532707522,"{'n_estimators': [100], 'max_depth': [10]}","['mfcc_mean', 'spec_kurtosis', 'wav_detail_lvl4_std']",0.5304347826086957,0.4860557768924303,0.583732057416268,0.5269849501571099,0.6371191135734072,0.5759599332220368,0.7128099173553719,0.6112399558057918,0.5070993914807302,0.5882352941176471,0.44563279857397503,0.5519753485496944,0.9598741148701809,0.9894566098945661,0.932009167303285,0.9954472134038383,0.6424242424242425,0.4818181818181818,0.9636363636363636,0.9194122984373261
RF,0.655281940559626,0.9602831301612269,0.5790316431592256,0.6276681178470301,0.7297845001419445,0.7593582887700535,0.7785093747596713,"{'n_estimators': [100], 'max_depth': [10]}","['spec_skew', 'mfcc_1', 'spec_kurtosis', 'wav_detail_lvl4_std']",0.6150442477876106,0.5720164609053497,0.6650717703349283,0.7690518544972451,0.6064981949458483,0.5384615384615384,0.6942148760330579,0.5909239159982997,0.5015608740894901,0.6025,0.4295900178253119,0.6070717029858883,0.9602831301612269,0.9894651539708266,0.9327731092436975,0.9958680596569762,0.5930232558139535,0.4358974358974359,0.9272727272727272,0.9296313406599468
RF,0.6542683681520005,0.9757433489827856,0.5738996229443043,0.6307366461812884,0.7299077543152972,0.7799847211611918,0.7553279514781569,"{'n_estimators': [100], 'max_depth': [10]}","['wav_approx_std', 'NDSI', 'wav_detail_lvl4_std']",0.5592841163310962,0.5252100840336135,0.5980861244019139,0.5820754965945111,0.656221198156682,0.5923460898502496,0.7355371900826446,0.6372663965677569,0.5503634475597092,0.6592039800995025,0.47237076648841353,0.6470141749251582,0.9757433489827856,1.0,0.9526355996944232,0.9975883079576375,0.5297297297297298,0.3769230769230769,0.8909090909090909,0.912695381345721
RF,0.6538891246087744,0.9677672955974843,0.5754195818615968,0.6319785845165922,0.7372967420983182,0.7669977081741788,0.7774233215478017,"{'n_estimators': [100], 'max_depth': [10]}","['wav_approx_std', 'mfcc_1', 'mfcc_var', 'wav_detail_lvl4_std']",0.6241457858769932,0.5956521739130435,0.6555023923444976,0.750362757836707,0.6096256684491979,0.5360501567398119,0.7066115702479339,0.5720319186777265,0.5234042553191489,0.6490765171503958,0.4385026737967914,0.6473876450085339,0.9677672955974843,0.9967611336032388,0.9404125286478228,0.996350388966835,0.5445026178010471,0.38235294117647056,0.9454545454545454,0.9209838972492059
RF,0.6534231115950003,0.9647611589663273,0.5755885997521686,0.623529501218684,0.7303606853789797,0.7639419404125286,0.7485763673874319,"{'n_estimators': [100], 'max_depth': [10]}","['spec_skew', 'NDSI', 'spec_kurtosis', 'wav_detail_lvl4_std']",0.5666666666666667,0.5018450184501845,0.6507177033492823,0.6258058874039995,0.6356877323420075,0.5777027027027027,0.7066115702479339,0.6364873789838223,0.5,0.6050632911392405,0.42602495543672014,0.5813205587615428,0.9647611589663273,0.989558232931727,0.9411764705882353,0.9958903743027561,0.6,0.4434782608695652,0.9272727272727272,0.9033776374850393
RF,0.6533125545486893,0.9646504320502749,0.5754780851732929,0.6280024174302546,0.7268801683352766,0.7677616501145913,0.7256016763412678,"{'n_estimators': [100], 'max_depth': [10]}","['wav_approx_std', 'spec_kurtosis', 'wav_detail_lvl4_std']",0.5057471264367817,0.48672566371681414,0.5263157894736842,0.5072224221466911,0.6482142857142857,0.5707547169811321,0.75,0.615640061078413,0.5316718587746625,0.6368159203980099,0.4563279857397504,0.5694195639020649,0.9646504320502749,0.9927243330638642,0.9381207028265852,0.9957015927298992,0.6162790697674418,0.452991452991453,0.9636363636363636,0.9400247418492705
RF,0.6526317484276085,0.9758942457231726,0.5718161241037174,0.6247691760162069,0.7132629580757923,0.7620320855614974,0.7036947620190455,"{'n_estimators': [100], 'max_depth': [10]}","['mfcc_1', 'NDSI']",0.5833333333333334,0.5384615384615384,0.6363636363636364,0.5784043306032501,0.571969696969697,0.527972027972028,0.6239669421487604,0.5768969056110086,0.5156092648539778,0.5925925925925926,0.4563279857397504,0.5758162997672738,0.9758942457231726,0.9936658749010293,0.9587471352177235,0.9979382421867534,0.6163522012578616,0.47115384615384615,0.8909090909090909,0.7894180319269413
RF,0.6516500046840704,0.9652722967640095,0.5732444316640857,0.6208793247002232,0.7295989000210785,0.758594346829641,0.7247394359129495,"{'n_estimators': [100], 'max_depth': [10]}","['mfcc_mean', 'spec_skew', 'spec_kurtosis', 'wav_detail_lvl3_std']",0.5793991416309013,0.5252918287937743,0.645933014354067,0.6052024621785115,0.616651418115279,0.5533661740558292,0.6962809917355371,0.6078585823801913,0.4922760041194645,0.5829268292682926,0.42602495543672014,0.5848489434438398,0.9652722967640095,0.9983673469387755,0.9343009931245225,0.9944708695689126,0.6046511627906976,0.4444444444444444,0.9454545454545454,0.8313163219932921
RF,0.6515031648851786,0.9654088050314465,0.5730267548486114,0.6297124144652317,0.7220240075151418,0.7555385790679908,0.7636651851027864,"{'n_estimators': [100], 'max_depth': [10]}","['wav_approx_std', 'spec_skew', 'mfcc_1']",0.6450116009280742,0.6261261261261262,0.6650717703349283,0.7286876878910916,0.5953408110440035,0.5111111111111111,0.7128099173553719,0.5747981064889254,0.463519313304721,0.5822102425876011,0.3850267379679144,0.5968077554655996,0.9654088050314465,0.994331983805668,0.9381207028265852,0.9964328945680254,0.5882352941176471,0.43478260869565216,0.9090909090909091,0.9215994811002901
RF,0.6513432940399438,0.9696969696969697,0.5717548751256872,0.6263587141723815,0.7239229332446332,0.7685255920550038,0.7509517043233706,"{'n_estimators': [100], 'max_depth': [10]}","['wav_approx_std', 'spec_skew', 'wav_detail_lvl3_std', 'wav_detail_lvl4_std']",0.5631929046563193,0.5247933884297521,0.6076555023923444,0.664136396464518,0.6482635796972396,0.5696400625978091,0.7520661157024794,0.6008021910639223,0.505795574288725,0.6185567010309279,0.42780748663101603,0.5885988476786352,0.9696969696969697,1.0,0.9411764705882353,0.9960110678650936,0.5697674418604651,0.4188034188034188,0.8909090909090909,0.9052100185446834
RF,0.651308110417736,0.9702194357366771,0.5715802790880008,0.627880521461726,0.7367504687825543,0.7708174178762414,0.7787246444118239,"{'n_estimators': [100], 'max_depth': [10]}","['wav_approx_std', 'mfcc_var', 'wav_detail_lvl4_std']",0.6018099547511312,0.5708154506437768,0.6363636363636364,0.7473088028507835,0.6211981566820276,0.5607321131447587,0.6962809917355371,0.5695193794055806,0.5380604796663191,0.6482412060301508,0.45989304812834225,0.6550456655452706,0.9702194357366771,0.99597747385358,0.9457601222307105,0.9961449539107794,0.5252525252525253,0.36363636363636365,0.9454545454545454,0.9256044203467054
RF,0.6510333256828755,0.960285941223193,0.5737201717977962,0.6285151011239989,0.7248119082343681,0.7521008403361344,0.7257924632952614,"{'n_estimators': [100], 'max_depth': [10]}","['mfcc_mean', 'wav_approx_std']",0.5588235294117647,0.5728643216080402,0.5454545454545454,0.5911567095251803,0.6098807495741057,0.518840579710145,0.7396694214876033,0.5102945580252922,0.48290155440414506,0.5767326732673267,0.41532976827094475,0.5793921144532793,0.960285941223193,1.0,0.9236058059587471,0.9948931053177048,0.6432748538011696,0.47413793103448276,1.0,0.9532258291548505
RF,0.6508837450391842,0.9661417322834646,0.5720692482281142,0.6233242946653974,0.7302536360346661,0.7700534759358288,0.7132214870956858,"{'n_estimators': [100], 'max_depth': [10]}","['wav_approx_std', 'spec_skew', 'spec_kurtosis', 'wav_detail_lvl4_std']",0.503370786516854,0.4745762711864407,0.5358851674641149,0.5274465777421302,0.6599450045829515,0.5930807248764415,0.743801652892562,0.6284812878714159,0.5393258426966292,0.631578947368421,0.47058823529411764,0.569694749303368,0.9661417322834646,0.9967506092607636,0.9373567608861727,0.9957141810627111,0.585635359116022,0.42063492063492064,0.9636363636363636,0.8447706394988036
RF,0.6495099929805824,0.9633714060653801,0.571044639709383,0.622075243807813,0.7258738362678694,0.7631779984721161,0.726412657114538,"{'n_estimators': [100], 'max_depth': [10]}","['mfcc_mean', 'spec_skew', 'wav_detail_lvl3_std']",0.5502183406113537,0.5060240963855421,0.6028708133971292,0.585244664991548,0.633969118982743,0.5656401944894651,0.7210743801652892,0.6149016562416039,0.5171339563862928,0.6194029850746269,0.44385026737967914,0.5885913418061377,0.9633714060653801,0.9943089430894309,0.9343009931245225,0.9949199339423,0.5828571428571429,0.425,0.9272727272727272,0.8484056885911005
RF,0.649507782279593,0.9637795275590552,0.5709398459597275,0.6201213806560834,0.7240630258192882,0.7608861726508785,0.7376045620640378,"{'n_estimators': [100], 'max_depth': [10]}","['mfcc_mean', 'wav_detail_lvl5_std', 'spec_skew']",0.5330296127562643,0.508695652173913,0.5598086124401914,0.6025124126451618,0.62708719851577,0.569023569023569,0.6983471074380165,0.6142756503410703,0.5179282868525896,0.5869074492099323,0.46345811051693403,0.5501445369589493,0.9637795275590552,0.9943135662063363,0.935064935064935,0.9951804586377846,0.6057142857142858,0.44166666666666665,0.9636363636363636,0.925909751737223
RF,0.6490792856557831,0.9638364779874213,0.5703899875728735,0.6229215312981327,0.7265720329018951,0.7692895339954163,0.727101019405791,"{'n_estimators': [100], 'max_depth': [10]}","['wav_approx_std', 'spec_skew', 'wav_detail_lvl4_std']",0.4852607709750567,0.46120689655172414,0.5119617224880383,0.49363510449723813,0.6526508226691042,0.5852459016393443,0.737603305785124,0.6273879377816477,0.5547594677584442,0.6514423076923077,0.483065953654189,0.5726650077821003,0.9638364779874213,0.9927125506072875,0.9365928189457601,0.9955231789859686,0.5888888888888889,0.424,0.9636363636363636,0.9462938679819998
RF,0.6489568405274792,0.9620054837446141,0.5706946797231954,0.6170730542665177,0.72764350107159,0.758594346829641,0.7051202090455437,"{'n_estimators': [100], 'max_depth': [10]}","['mfcc_mean', 'wav_detail_lvl5_std']",0.5562632696390658,0.5,0.6267942583732058,0.5389514500814816,0.5933852140077821,0.5606617647058824,0.6301652892561983,0.5327600647392414,0.5342601787487586,0.6031390134529148,0.47950089126559714,0.5156310827766328,0.9620054837446141,0.9871382636655949,0.9381207028265852,0.9949181333037648,0.5988700564971752,0.4344262295081967,0.9636363636363636,0.9433403143265976
RF,0.6486263389907829,0.960691823899371,0.5706099677636358,0.6318616606742488,0.7171637041071321,0.7555385790679908,0.7779840535662641,"{'n_estimators': [100], 'max_depth': [10]}","['mfcc_mean', 'spec_skew', 'mfcc_1']",0.5763546798029556,0.5939086294416244,0.5598086124401914,0.7264755771913319,0.6032285471537808,0.5122655122655123,0.7334710743801653,0.6066507863015527,0.4946695095948827,0.6153846153846154,0.41354723707664887,0.6212879710866022,0.960691823899371,0.9894736842105263,0.93353705118411,0.9955899803658183,0.6081871345029239,0.4482758620689655,0.9454545454545454,0.9399159528860155
RF,0.6479259286065233,0.9593367548361627,0.5700732220491134,0.6187556797901483,0.7194287980524964,0.7582123758594347,0.7253414520721797,"{'n_estimators': [100], 'max_depth': [10]}","['spec_kurtosis', 'wav_detail_lvl3_std', 'wav_detail_lvl4_std']",0.5541125541125541,0.5059288537549407,0.6124401913875598,0.5686624047718335,0.6057781919850885,0.5517826825127334,0.6714876033057852,0.6122104997691693,0.5356068204613842,0.6123853211009175,0.47593582887700536,0.5813021742979418,0.9593367548361627,0.9926470588235294,0.9281894576012223,0.994848342572395,0.5847953216374269,0.43103448275862066,0.9090909090909091,0.8696838389495585
RF,0.6476885462384476,0.9261799112545381,0.5780657049844251,0.6273293730950801,0.7336400310450408,0.7452253628724217,0.7196326224566746,"{'n_estimators': [100], 'max_depth': [10]}","['mfcc_var', 'wav_detail_lvl4_std']",0.6529680365296804,0.6244541484716157,0.6842105263157895,0.7010313896728617,0.5763888888888888,0.49700598802395207,0.6859504132231405,0.4795919968895383,0.5729058945191313,0.6822660098522167,0.49376114081996436,0.6507362750654778,0.9261799112545381,0.9811965811965812,0.8770053475935828,0.9810283883736601,0.51,0.35172413793103446,0.9272727272727272,0.7857750622818349
RF,0.6473534363393876,0.97339593114241,0.5658428126386319,0.625977857829026,0.7370206264323912,0.7750190985485104,0.7609018646913202,"{'n_estimators': [100], 'max_depth': [10]}","['wav_detail_lvl5_std', 'NDSI', 'wav_detail_lvl4_std']",0.5807860262008734,0.5341365461847389,0.6363636363636364,0.6228516840383843,0.6482504604051565,0.584717607973422,0.7272727272727273,0.643638931377753,0.5343347639484979,0.6711590296495957,0.44385026737967914,0.6505182091636581,0.97339593114241,0.9975942261427426,0.9503437738731857,0.9966811417771602,0.5,0.3422818791946309,0.9272727272727272,0.8908193570996453
RF,0.6469466362611085,0.9619159795838241,0.5682043004304296,0.6207979847472463,0.7245026396813619,0.7566844919786097,0.7728276988615985,"{'n_estimators': [100], 'max_depth': [10]}","['spec_skew', 'mfcc_1', 'wav_detail_lvl4_std']",0.6071428571428571,0.5690376569037657,0.6507177033492823,0.7457246422532047,0.6010830324909747,0.5336538461538461,0.6880165289256198,0.5914075778071987,0.4947589098532495,0.6005089058524173,0.4206773618538324,0.604193790718678,0.9619159795838241,0.9894991922455574,0.9358288770053476,0.9961570215801242,0.5698324022346368,0.4112903225806452,0.9272727272727272,0.9266554619487872
RF,0.6465491505476153,0.9587628865979382,0.5684957165350346,0.6160331055112582,0.7245403494151031,0.7467532467532467,0.7097347112447747,"{'n_estimators': [100], 'max_depth': [10]}","['mfcc_mean', 'wav_detail_lvl3_std']",0.5437956204379562,0.43952802359882004,0.7129186602870813,0.5500983323992021,0.5746907706945766,0.5326278659611993,0.6239669421487604,0.5986603483103364,0.509926854754441,0.6161616161616161,0.43493761140819964,0.567479173842415,0.9587628865979382,0.9967023907666942,0.9236058059587471,0.9947725506467141,0.6455696202531646,0.49514563106796117,0.9272727272727272,0.837663151025206
RF,0.6464430649546766,0.9619159795838241,0.5675748362973898,0.6235015957408012,0.7320618512737849,0.7662337662337663,0.7781231465273251,"{'n_estimators': [100], 'max_depth': [10]}","['wav_detail_lvl5_std', 'wav_detail_lvl3_std', 'wav_detail_lvl4_std']",0.5614035087719298,0.5182186234817814,0.6124401913875598,0.6605756957218556,0.6170798898071626,0.5553719008264463,0.6942148760330579,0.6219552540460229,0.5584826132771338,0.6829896907216495,0.47237076648841353,0.6832833712377293,0.9619159795838241,0.9894991922455574,0.9358288770053476,0.9939514596496201,0.5333333333333333,0.37142857142857144,0.9454545454545454,0.9308499519813971
RF,0.6461885874340434,0.9619349722442506,0.5672519912314917,0.6307177913785967,0.7222298575802657,0.7662337662337663,0.7332688186307526,"{'n_estimators': [100], 'max_depth': [10]}","['wav_approx_std', 'spec_skew', 'NDSI']",0.5330188679245284,0.5255813953488372,0.5406698564593302,0.5342727959148177,0.6572143452877398,0.551048951048951,0.8140495867768595,0.6601915110821619,0.5169769989047097,0.6704545454545454,0.4206773618538324,0.5852232472775173,0.9619349722442506,1.0,0.9266615737203973,0.9943160244418537,0.5617977528089888,0.4065040650406504,0.9090909090909091,0.8923405144374115
RF,0.6459514046995267,0.9631683168316831,0.5666471766664876,0.6251933109733587,0.7235108310396798,0.760122230710466,0.6991189141140189,"{'n_estimators': [100], 'max_depth': [10]}","['wav_approx_std', 'spec_skew']",0.4782608695652174,0.48292682926829267,0.47368421052631576,0.43578041043206583,0.6493288590604027,0.5466101694915254,0.7995867768595041,0.5955529074670037,0.4994640943193998,0.6263440860215054,0.41532976827094475,0.5386874395482386,0.9631683168316831,1.0,0.9289533995416348,0.9931964563750963,0.6395348837209303,0.4700854700854701,1.0,0.9323773567476902
RF,0.6442651682075335,0.9621451104100947,0.5647951826568933,0.6179941809040606,0.7183857309779066,0.7494270435446906,0.7081971739133881,"{'n_estimators': [100], 'max_depth': [10]}","['mfcc_mean', 'spec_skew', 'spec_kurtosis']",0.5548098434004475,0.5210084033613446,0.5933014354066986,0.5462543163135658,0.5935030728709394,0.516030534351145,0.6983471074380165,0.5773753005966168,0.4799154334038055,0.5896103896103896,0.40463458110516937,0.5375633479049815,0.9621451104100947,0.9942950285248574,0.932009167303285,0.9920008745242006,0.6309523809523809,0.4690265486725664,0.9636363636363636,0.8877920302275752
RF,0.6439389606559799,0.9384372533543804,0.5703143874813797,0.6136493732456755,0.7077162765932818,0.7421695951107716,0.6962998614845569,"{'n_estimators': [100], 'max_depth': [10]}","['spec_kurtosis', 'wav_detail_lvl3_std']",0.569593147751606,0.5155038759689923,0.6363636363636364,0.5461760590179251,0.56,0.519434628975265,0.6074380165289256,0.5847078857188248,0.54296875,0.6004319654427646,0.49554367201426025,0.5662500440538424,0.9384372533543804,0.9706122448979592,0.9083269671504965,0.9858140565513449,0.6086956521739131,0.46226415094339623,0.8909090909090909,0.798551262080847
RF,0.64267747386036,0.9627597020776166,0.5626569168060458,0.6184942689903974,0.7354397296108527,0.7643239113827349,0.7492288372755207,"{'n_estimators': [100], 'max_depth': [10]}","['wav_detail_lvl5_std', 'wav_detail_lvl4_std']",0.5757575757575758,0.525691699604743,0.6363636363636364,0.6015713769664804,0.6146616541353384,0.5637931034482758,0.6756198347107438,0.5974440565241753,0.5456453305351522,0.6632653061224489,0.46345811051693403,0.6379647357136147,0.9627597020776166,0.9887278582930756,0.9381207028265852,0.9938211340840292,0.5145631067961165,0.3509933774834437,0.9636363636363636,0.9153428830893042
RF,0.6426081710170417,0.9654359780047133,0.5619012192701236,0.6217611006900641,0.7153525159520093,0.752864782276547,0.7492852057721919,"{'n_estimators': [100], 'max_depth': [10]}","['wav_approx_std', 'mfcc_1', 'mfcc_var']",0.6216867469879518,0.6262135922330098,0.6172248803827751,0.6915656565782352,0.5757575757575758,0.5062695924764891,0.6673553719008265,0.5279010557513679,0.4927835051546392,0.5843520782396088,0.42602495543672014,0.6142760463792334,0.9654359780047133,0.9935327405012127,0.9388846447669977,0.9951886262413767,0.5573770491803278,0.3984375,0.9272727272727272,0.9174946439107464
RF,0.6421046111252281,0.9598425196850394,0.5626701339852751,0.6140879962007348,0.718500663423264,0.7597402597402597,0.7218898127485578,"{'n_estimators': [100], 'max_depth': [10]}","['mfcc_mean', 'spec_skew', 'wav_detail_lvl4_std']",0.509009009009009,0.4808510638297872,0.5406698564593302,0.5101868850354632,0.6332404828226555,0.5750421585160203,0.7045454545454546,0.6345469973346209,0.5306532663316583,0.6082949308755761,0.47058823529411764,0.5677256511306028,0.9598425196850394,0.9902518277822908,0.9312452253628725,0.9955227508085506,0.5777777777777777,0.416,0.9454545454545454,0.9014667794335517
RF,0.6415393045153761,0.9601891998423334,0.5618768306836368,0.6132075335322242,0.7180675314928059,0.7547746371275783,0.7229747989738685,"{'n_estimators': [100], 'max_depth': [10]}","['spec_skew', 'wav_detail_lvl3_std', 'wav_detail_lvl4_std']",0.5569620253164557,0.4981132075471698,0.631578947368421,0.5631195658194028,0.6025878003696857,0.5451505016722408,0.6735537190082644,0.6256945758916292,0.5165289256198347,0.6142506142506142,0.44563279857397503,0.5952662997895732,0.9601891998423334,0.99185667752443,0.93048128342246,0.9944623685687818,0.5714285714285714,0.4166666666666667,0.9090909090909091,0.8363311847999555
RF,0.6403799061684348,0.9657884388517499,0.5590277729976059,0.6172278895724164,0.715348129682495,0.7509549274255156,0.7301272953063378,"{'n_estimators': [100], 'max_depth': [10]}","['wav_approx_std', 'mfcc_1']",0.6153846153846154,0.6,0.631578947368421,0.6351208656576158,0.5701519213583557,0.5023622047244094,0.6590909090909091,0.5108715670756695,0.490134994807892,0.5870646766169154,0.4206773618538324,0.5906355168129176,0.9657884388517499,0.9951377633711507,0.9381207028265852,0.9952098432017913,0.5604395604395604,0.4015748031496063,0.9272727272727272,0.9187986837836948
RF,0.6402413055296193,0.9577909270216962,0.5608539001566001,0.6122096024018726,0.7161088184730178,0.7532467532467533,0.718275465098852,"{'n_estimators': [100], 'max_depth': [10]}","['spec_skew', 'spec_kurtosis', 'wav_detail_lvl3_std', 'wav_detail_lvl4_std']",0.5443037974683544,0.4867924528301887,0.6172248803827751,0.5700142800888232,0.6117216117216118,0.5493421052631579,0.6900826446280992,0.6161801246709614,0.5093555093555093,0.6109725685785536,0.43672014260249553,0.5946435997169222,0.9577909270216962,0.9902120717781403,0.9274255156608098,0.9942442425820293,0.5780346820809249,0.423728813559322,0.9090909090909091,0.8162950784355242
RF,0.6399232537740092,0.8815841584158416,0.5795080276135511,0.6156680370142562,0.7172381854003019,0.7127578304048893,0.7557174979471306,"{'n_estimators': [100], 'max_depth': [10]}","['mfcc_1', 'wav_detail_lvl3_std']",0.6943231441048034,0.6385542168674698,0.7607655502392344,0.7798197461418102,0.501779359430605,0.440625,0.5826446280991735,0.45290545040498625,0.5488958990536278,0.6692307692307692,0.46524064171123,0.6711413863879347,0.8815841584158416,0.915296052631579,0.8502673796791443,0.964035237259132,0.5730337078651685,0.4146341463414634,0.9272727272727272,0.9106856695417898
RF,0.6393561060160318,0.9219001610305958,0.5687200922623907,0.6173975625154698,0.7245274342881999,0.7360580595874714,0.70618705554277,"{'n_estimators': [100], 'max_depth': [10]}","['mfcc_1', 'wav_detail_lvl4_std']",0.6396396396396397,0.6042553191489362,0.6794258373205742,0.6949282265500553,0.5614646904969486,0.4856711915535445,0.6652892561983471,0.4848261040580303,0.5533678756476684,0.6608910891089109,0.47593582887700536,0.6436526955271665,0.9219001610305958,0.9744680851063829,0.8747135217723453,0.983301506473532,0.5204081632653061,0.3617021276595745,0.9272727272727272,0.7242267451050656
RF,0.6385719712293139,0.8512195121951219,0.5854100859878618,0.6150505265370398,0.7148685032951849,0.6948051948051948,0.7385414117472172,"{'n_estimators': [100], 'max_depth': [10]}","['mfcc_var', 'wav_detail_lvl3_std']",0.6971677559912854,0.64,0.7655502392344498,0.7417453640585248,0.4873096446700508,0.41260744985673353,0.5950413223140496,0.4191032150477875,0.5675675675675675,0.6807980049875312,0.48663101604278075,0.6781225702297348,0.8512195121951219,0.9096437880104257,0.7998472116119175,0.9572032568954936,0.5895953757225434,0.4322033898305085,0.9272727272727272,0.8965326525045456
RF,0.6376818245265758,0.9392395139161114,0.562292402179192,0.6094506172450369,0.7065421819010336,0.7410236822001528,0.7055793681973329,"{'n_estimators': [100], 'max_depth': [10]}","['spec_skew', 'spec_kurtosis', 'wav_detail_lvl3_std']",0.5397489539748954,0.4795539033457249,0.6172248803827751,0.5617188562695985,0.5770308123249299,0.5264054514480409,0.6384297520661157,0.5893557708006127,0.522633744855967,0.6180048661800487,0.45276292335115864,0.5825463474323835,0.9392395139161114,0.964573268921095,0.9152024446142093,0.9866086030799013,0.6097560975609756,0.45871559633027525,0.9090909090909091,0.807667263404168
RF,0.6371231271460958,0.9656262346898459,0.5549973502601582,0.6168853854731354,0.7171788854732846,0.7647058823529411,0.7234708613493464,"{'n_estimators': [100], 'max_depth': [10]}","['wav_approx_std', 'NDSI']",0.503370786516854,0.4745762711864407,0.5358851674641149,0.5002469048111613,0.652668416447944,0.5660091047040972,0.7706611570247934,0.6262343879820901,0.5263157894736842,0.6621621621621622,0.43672014260249553,0.6301910670287788,0.9656262346898459,1.0,0.93353705118411,0.9949089008514791,0.5376344086021505,0.3816793893129771,0.9090909090909091,0.8657730460732225
RF,0.6368632590003165,0.9609775325187229,0.5558346906207148,0.6117870847857356,0.708056651107594,0.7501909854851031,0.6847245549188875,"{'n_estimators': [100], 'max_depth': [10]}","['mfcc_mean', 'spec_skew']",0.5445783132530121,0.5485436893203883,0.5406698564593302,0.48502843284958425,0.5809435707678076,0.525963149078727,0.6487603305785123,0.5715208197846413,0.520039100684262,0.5757575757575758,0.4741532976827095,0.5074826596334809,0.9609775325187229,0.992671009771987,0.9312452253628725,0.9932533519011613,0.5777777777777777,0.416,0.9454545454545454,0.8663375104255698
RF,0.634846851109464,0.9611111111111111,0.5532807861090523,0.6160107647562845,0.7181698777814736,0.7524828113063408,0.7126791310604244,"{'n_estimators': [100], 'max_depth': [10]}","['wav_approx_std', 'spec_skew', 'spec_kurtosis']",0.47058823529411764,0.46296296296296297,0.4784688995215311,0.4713829785700181,0.6430338004946414,0.5349794238683128,0.8057851239669421,0.6185853457184457,0.4745011086474501,0.6275659824046921,0.38146167557932265,0.5480484060628972,0.9611111111111111,1.0,0.9251336898395722,0.9922187906978605,0.625,0.45454545454545453,1.0,0.9331601342529001
RF,0.6339362497447933,0.9571709233791749,0.5531275813361979,0.6048142684381188,0.7087482196010201,0.7494270435446906,0.6870591134347779,"{'n_estimators': [100], 'max_depth': [10]}","['mfcc_mean', 'wav_detail_lvl4_std']",0.48936170212765956,0.44061302681992337,0.5502392344497608,0.42334341235207873,0.5941343424787133,0.5479930191972077,0.6487603305785123,0.5418660523585311,0.5313131313131313,0.6130536130536131,0.46880570409982175,0.5548530946431562,0.9571709233791749,0.9854368932038835,0.93048128342246,0.9939687309178389,0.5977011494252874,0.4369747899159664,0.9454545454545454,0.9212642769022839
RF,0.6336000317286976,0.9651390520955738,0.5507152766369785,0.609908123685431,0.7135416933193459,0.7605042016806722,0.7465596772422881,"{'n_estimators': [100], 'max_depth': [10]}","['NDSI', 'spec_kurtosis', 'wav_detail_lvl4_std']",0.5142857142857142,0.47560975609756095,0.5598086124401914,0.606080668216871,0.6504504504504505,0.5766773162939297,0.7458677685950413,0.6325397543777909,0.49464668094218417,0.6193029490616622,0.4117647058823529,0.5797595351818282,0.9651390520955738,0.9903536977491961,0.9411764705882353,0.9955294675645692,0.5434782608695652,0.3875968992248062,0.9090909090909091,0.9188889608703811
RF,0.63183539972497,0.9606299212598425,0.5496367693412519,0.6068177873900396,0.7262211922611584,0.7524828113063408,0.7219933594210641,"{'n_estimators': [100], 'max_depth': [10]}","['wav_detail_lvl5_std', 'wav_detail_lvl3_std']",0.5469387755102041,0.47686832740213525,0.6411483253588517,0.559470819434599,0.5947955390334573,0.5405405405405406,0.6611570247933884,0.6190772898531774,0.5214592274678111,0.6549865229110512,0.43315508021390375,0.6228858228852292,0.9606299212598425,0.9910641754670999,0.932009167303285,0.9925815599305396,0.5353535353535354,0.3706293706293706,0.9636363636363636,0.8159513050017753
RF,0.6316767020707591,0.9617658651951123,0.5491544112896708,0.6039932411484703,0.7024828234904227,0.7383498854087089,0.6791209889208506,"{'n_estimators': [100], 'max_depth': [10]}","['mfcc_mean', 'spec_kurtosis']",0.5441860465116279,0.5294117647058824,0.5598086124401914,0.46970691274275445,0.5662759242560865,0.5024,0.6487603305785123,0.5591080872475748,0.4626262626262626,0.5337995337995338,0.40819964349376114,0.5117981886779603,0.9617658651951123,0.993485342019544,0.932009167303285,0.9934494722512472,0.6235294117647059,0.4608695652173913,0.9636363636363636,0.8615422836847164
RF,0.6311242141148224,0.9660347551342812,0.5473965788599577,0.6018021781943397,0.7085825160860342,0.7536287242169595,0.7057796731337778,"{'n_estimators': [100], 'max_depth': [10]}","['wav_approx_std', 'wav_detail_lvl4_std']",0.48,0.44813278008298757,0.5167464114832536,0.4402473832762236,0.6260543580131209,0.5728987993138936,0.6900826446280992,0.5723973180107556,0.5089463220675944,0.5752808988764045,0.4563279857397504,0.582945504770318,0.9660347551342812,1.0,0.9343009931245225,0.9955064459451399,0.574585635359116,0.4126984126984127,0.9454545454545454,0.9378017136664514
RF,0.6309184320134582,0.9564528899445764,0.5495348175306787,0.6031215170732913,0.7284940352826645,0.7486631016042781,0.6892033685113015,"{'n_estimators': [100], 'max_depth': [10]}",['wav_detail_lvl5_std'],0.5425101214574899,0.47017543859649125,0.6411483253588517,0.4978361452535307,0.6007462686567164,0.5476190476190477,0.6652892561983471,0.585405748978728,0.5121693121693122,0.6302083333333334,0.43137254901960786,0.5699677135668183,0.9564528899445764,0.9926047658175843,0.9228418640183346,0.9930530254919716,0.542713567839196,0.375,0.9818181818181818,0.799754209265459
RF,0.6264161307206211,0.9659491193737769,0.5415328835573321,0.6040589483324559,0.7106387139457784,0.7578304048892284,0.7408947977462381,"{'n_estimators': [100], 'max_depth': [10]}","['spec_skew', 'NDSI', 'wav_detail_lvl4_std']",0.4968152866242038,0.44656488549618323,0.5598086124401914,0.5869599322384458,0.6516245487364621,0.5785256410256411,0.7458677685950413,0.6429411898985348,0.48577680525164113,0.6288951841359773,0.39572192513368987,0.5764111366580889,0.9659491193737769,0.9903691813804173,0.9427043544690603,0.9956720947839804,0.5319148936170213,0.37593984962406013,0.9090909090909091,0.9024896351521408
RF,0.6250149373174941,0.96700706991359,0.5395169041684701,0.6046834816425456,0.7209272208230835,0.7551566080977846,0.7148947940058098,"{'n_estimators': [100], 'max_depth': [10]}","['wav_detail_lvl5_std', 'NDSI']",0.5398773006134969,0.4714285714285714,0.631578947368421,0.47500607007114337,0.6399286987522281,0.5626959247648903,0.7417355371900827,0.6326376051508142,0.46311010215664017,0.6375,0.36363636363636365,0.5753106376459463,0.96700706991359,0.9951495553759094,0.9404125286478228,0.9950015971886721,0.5151515151515151,0.35664335664335667,0.9272727272727272,0.8965180599724731
RF,0.6224336119306982,0.9619349722442506,0.5375582718523101,0.6025938274404532,0.7076084109154753,0.7433155080213903,0.6885125505854717,"{'n_estimators': [100], 'max_depth': [10]}","['wav_approx_std', 'spec_kurtosis']",0.44545454545454544,0.42424242424242425,0.4688995215311005,0.40879556350906887,0.6320132013201321,0.5260989010989011,0.7913223140495868,0.5766985199649933,0.44419391206313413,0.6042944785276073,0.3511586452762923,0.5297212299291293,0.9619349722442506,1.0,0.9266615737203973,0.9939030048562364,0.6285714285714286,0.4583333333333333,1.0,0.9334444346679308
RF,0.6160583801257499,0.9646504320502749,0.5289103671446185,0.5954311389218001,0.6932413313302702,0.7425515660809778,0.7242220488592875,"{'n_estimators': [100], 'max_depth': [10]}","['wav_approx_std', 'mfcc_var']",0.5317073170731708,0.5422885572139303,0.5215311004784688,0.6049795304742592,0.5690759377859104,0.5106732348111659,0.6425619834710744,0.5193410892949317,0.4944500504540868,0.5697674418604651,0.43672014260249553,0.5865812699764814,0.9646504320502749,0.9927243330638642,0.9381207028265852,0.9949985791527584,0.5204081632653061,0.3617021276595745,0.9272727272727272,0.9152097753980066
RF,0.6149425471865191,0.9660615627466457,0.5271627932964874,0.5890610104453999,0.7088494205859812,0.7463712757830405,0.7100293699959866,"{'n_estimators': [100], 'max_depth': [10]}","['wav_detail_lvl5_std', 'wav_approx_std']",0.4525862068965517,0.4117647058823529,0.5023923444976076,0.4396529306500534,0.599250936329588,0.547945205479452,0.6611570247933884,0.5562705367395646,0.5175983436853002,0.6172839506172839,0.44563279857397503,0.6195504430778027,0.9660615627466457,0.9991836734693877,0.935064935064935,0.9955042145671953,0.5392156862745098,0.3691275167785235,1.0,0.9391687249453177
RF,0.6147265490043544,0.933806146572104,0.5349566496124171,0.5855763980770684,0.6827887536049653,0.7257448433919023,0.6902796367070883,"{'n_estimators': [100], 'max_depth': [10]}","['spec_skew', 'wav_detail_lvl3_std']",0.5366876310272537,0.47761194029850745,0.6124401913875598,0.5107659443139739,0.539651837524178,0.5072727272727273,0.5764462809917356,0.6035784144601437,0.5137795275590551,0.5736263736263736,0.46524064171123,0.5725216197987688,0.933806146572104,0.9641985353946297,0.9052711993888465,0.9858529294150531,0.5497076023391813,0.4051724137931034,0.8545454545454545,0.7786792755475014
RF,0.6104376833400317,0.9284332688588007,0.5309387869603395,0.611965134785842,0.6964767533807781,0.7272727272727273,0.7516611079410512,"{'n_estimators': [100], 'max_depth': [10]}","['mfcc_1', 'mfcc_var']",0.6822916666666666,0.7485714285714286,0.6267942583732058,0.7769043861207122,0.5286506469500925,0.4782608695652174,0.5909090909090909,0.4424448335617642,0.5048128342245989,0.6310160427807486,0.4206773618538324,0.630712741154122,0.9284332688588007,0.9404388714733543,0.9167303284950343,0.9785877985743737,0.408,0.26153846153846155,0.9272727272727272,0.9296557802942839
RF,0.6078936928298496,0.9613259668508287,0.519535624324605,0.5913718146360438,0.6879742257929705,0.7444614209320092,0.6867671923247703,"{'n_estimators': [100], 'max_depth': [10]}",['wav_approx_std'],0.37209302325581395,0.4044943820224719,0.3444976076555024,0.4311126279129034,0.6217354675652906,0.5248933143669986,0.762396694214876,0.49425547162533257,0.5005302226935313,0.6178010471204188,0.4206773618538324,0.5655979053160535,0.9613259668508287,0.9942857142857143,0.93048128342246,0.9947194993532164,0.5837837837837838,0.4153846153846154,0.9818181818181818,0.9481504574163463
RF,0.6073964919548209,0.9625836943678614,0.5185996913515607,0.585601210294505,0.6982161651089317,0.7475171886936592,0.7313519294413502,"{'n_estimators': [100], 'max_depth': [10]}","['NDSI', 'wav_detail_lvl4_std']",0.49678800856531047,0.4496124031007752,0.5550239234449761,0.5686856295251626,0.6328638497652582,0.5800344234079173,0.6962809917355371,0.6290698531623977,0.4910432033719705,0.6005154639175257,0.41532976827094475,0.5801621882596829,0.9625836943678614,0.9934959349593496,0.93353705118411,0.9957409977814771,0.4537037037037037,0.30434782608695654,0.8909090909090909,0.8831009784780307
RF,0.6071618452838007,0.9573796369376479,0.5196073973703389,0.5831061038096536,0.696287376194497,0.7372039724980901,0.6814569658716643,"{'n_estimators': [100], 'max_depth': [10]}","['spec_skew', 'spec_kurtosis', 'wav_detail_lvl4_std']",0.4448979591836735,0.3879003558718861,0.5215311004784688,0.4814477645491648,0.6177536231884058,0.55,0.7045454545454546,0.5819504471384421,0.4684095860566449,0.6022408963585434,0.38324420677361853,0.5430467968453213,0.9573796369376479,0.990204081632653,0.9266615737203973,0.9929145593458609,0.5473684210526316,0.3851851851851852,0.9454545454545454,0.807925261479532
RF,0.6044143544901418,0.9526813880126183,0.5173475961095227,0.5777120900369133,0.6777415341952353,0.7150496562261268,0.6539423899430388,"{'n_estimators': [100], 'max_depth': [10]}",['mfcc_mean'],0.5466970387243736,0.5217391304347826,0.5741626794258373,0.4583787637232553,0.5330979699911739,0.46533127889060094,0.6239669421487604,0.4981495228765974,0.4,0.4847715736040609,0.3404634581105169,0.5129578370093164,0.9526813880126183,0.9845150774246129,0.9228418640183346,0.9944097118977379,0.5895953757225434,0.4322033898305085,0.9272727272727272,0.8058161142082867
RF,0.5969803345590893,0.9586776859504132,0.5065559967112583,0.5974089307276806,0.6941599501914728,0.7345301757066462,0.714818575567586,"{'n_estimators': [100], 'max_depth': [10]}","['spec_skew', 'mfcc_1', 'spec_kurtosis', 'mfcc_var']",0.6082474226804123,0.659217877094972,0.5645933014354066,0.7204433200157302,0.5841495992876224,0.513302034428795,0.6776859504132231,0.5163526444828686,0.4546448087431694,0.5875706214689266,0.37076648841354726,0.5752942534840026,0.9586776859504132,0.9886363636363636,0.93048128342246,0.9943098254298547,0.379182156133829,0.2383177570093458,0.9272727272727272,0.7676928344254739
RF,0.5929370443289466,0.9525691699604744,0.5030290129210645,0.5694694484822769,0.6894595628595066,0.7299465240641712,0.6638200063950409,"{'n_estimators': [100], 'max_depth': [10]}","['spec_skew', 'wav_detail_lvl4_std']",0.4247422680412371,0.37318840579710144,0.49282296650717705,0.42815167102194435,0.5986779981114259,0.551304347826087,0.6549586776859504,0.5941686643913989,0.4910432033719705,0.6005154639175257,0.41532976827094475,0.5318948041293723,0.9525691699604744,0.9868959868959869,0.920550038197097,0.993233171057873,0.49765258215962443,0.33544303797468356,0.9636363636363636,0.7716517213746159
RF,0.5888090119222937,0.950416501388338,0.49840713955578264,0.5648236610535251,0.6819424838225852,0.7223071046600459,0.6562887845886879,"{'n_estimators': [100], 'max_depth': [10]}","['spec_kurtosis', 'wav_detail_lvl4_std']",0.43529411764705883,0.3687707641196013,0.5311004784688995,0.4392794999654493,0.5890027958993477,0.5365025466893039,0.6528925619834711,0.5640042969891691,0.46186895810955964,0.581081081081081,0.38324420677361853,0.5149297731787923,0.950416501388338,0.9884488448844885,0.9152024446142093,0.993045510679512,0.5074626865671642,0.3493150684931507,0.9272727272727272,0.7701848421305166
RF,0.5880706478509187,0.9551181102362205,0.49630878225459324,0.5922132931934705,0.6867993635035571,0.7219251336898396,0.7157154554468192,"{'n_estimators': [100], 'max_depth': [10]}","['mfcc_1', 'spec_kurtosis', 'mfcc_var']",0.6511627906976745,0.7078651685393258,0.6028708133971292,0.767728322994352,0.5439856373429084,0.48095238095238096,0.6260330578512396,0.5108493563389926,0.43344334433443343,0.5660919540229885,0.3511586452762923,0.5762022349632673,0.9551181102362205,0.9853777416734363,0.9266615737203973,0.9914473163637761,0.35664335664335667,0.22077922077922077,0.9272727272727272,0.7323500465737084
RF,0.5832576286490627,0.938046068308181,0.49456051873428314,0.5652532290589327,0.6721072369791761,0.7188693659281895,0.6436923743887172,"{'n_estimators': [100], 'max_depth': [10]}","['wav_detail_lvl3_std', 'wav_detail_lvl4_std']",0.45621181262729127,0.3971631205673759,0.5358851674641149,0.46209318359809726,0.5574074074074075,0.5050335570469798,0.621900826446281,0.5662691756083664,0.5139186295503212,0.6434316353887399,0.42780748663101603,0.6463379535514999,0.938046068308181,0.9768403639371381,0.9022154316271963,0.9877519498349099,0.4507042253521127,0.3037974683544304,0.8727272727272727,0.5560096093507122
RF,0.5817331043217365,0.9542586750788643,0.4886017116324545,0.5846064474039714,0.6817162254201375,0.725362872421696,0.6147972935336876,"{'n_estimators': [100], 'max_depth': [10]}","['spec_skew', 'mfcc_1', 'spec_kurtosis']",0.5647668393782384,0.615819209039548,0.5215311004784688,0.620661253509515,0.5785270629991127,0.5069984447900466,0.6735537190082644,0.5379998085895156,0.4481236203090508,0.5884057971014492,0.36185383244206776,0.5653082925047119,0.9542586750788643,0.9861450692746536,0.9243697478991597,0.9934733662603091,0.36298932384341637,0.22566371681415928,0.9272727272727272,0.3565437468043865
RF,0.5771987461781811,0.9518547750591949,0.48353473895792765,0.5747412863495167,0.668765265131716,0.7192513368983957,0.6297306116633173,"{'n_estimators': [100], 'max_depth': [10]}","['spec_skew', 'spec_kurtosis', 'mfcc_var']",0.5750636132315522,0.6141304347826086,0.5406698564593302,0.673674785521799,0.5645161290322581,0.49841772151898733,0.6508264462809917,0.5228443248519214,0.4336569579288026,0.5491803278688525,0.3582887700534759,0.5623379881449508,0.9518547750591949,0.9844897959183674,0.9213139801375095,0.9924440501354269,0.3609022556390977,0.22748815165876776,0.8727272727272727,0.3973519096624886
RF,0.5767586502214306,0.9566587864460205,0.4817836161652832,0.5850606688304402,0.6762906537125507,0.7165775401069518,0.7163305633068026,"{'n_estimators': [100], 'max_depth': [10]}","['spec_skew', 'mfcc_1', 'mfcc_var']",0.6226912928759895,0.6941176470588235,0.5645933014354066,0.7616003866174257,0.5355191256830601,0.4788273615635179,0.6074380165289256,0.5220266517700647,0.4344978165938865,0.5605633802816902,0.35472370766488415,0.5743589575900503,0.9566587864460205,0.9877949552481693,0.9274255156608098,0.9937821045320848,0.3344262295081967,0.204,0.9272727272727272,0.7298847160243876
RF,0.5726907601775407,0.9442907941525089,0.4797907516837986,0.5775139144194995,0.66116206900333,0.7093200916730329,0.5816074665298373,"{'n_estimators': [100], 'max_depth': [10]}","['spec_kurtosis', 'mfcc_var']",0.6302083333333334,0.6914285714285714,0.5789473684210527,0.6871825138781579,0.5196261682242991,0.47440273037542663,0.5743801652892562,0.46735885986102865,0.4528301886792453,0.549618320610687,0.3850267379679144,0.5448088839992753,0.9442907941525089,0.9779050736497545,0.9129106187929718,0.990323015621551,0.3164983164983165,0.19421487603305784,0.8545454545454545,0.2183640592891738
RF,0.5660508058510707,0.9526440410418311,0.46940249705338055,0.5799834782428016,0.6644850093147306,0.7093200916730329,0.5773914974046911,"{'n_estimators': [100], 'max_depth': [10]}","['spec_skew', 'mfcc_1']",0.5917808219178082,0.6923076923076923,0.5167464114832536,0.6171512737594521,0.5262189512419503,0.47429519071310117,0.5909090909090909,0.48816368824124245,0.44086021505376344,0.5555555555555556,0.36541889483065954,0.5252532277666446,0.9526440410418311,0.9853061224489796,0.922077922077922,0.9930346118635996,0.31875,0.19245283018867926,0.9272727272727272,0.2633546853925168
RF,0.564110705362964,0.9502762430939227,0.4675693209302244,0.5619013519647011,0.6638551288283908,0.7085561497326203,0.5822929348016449,"{'n_estimators': [100], 'max_depth': [10]}","['spec_skew', 'mfcc_var']",0.5671641791044776,0.5906735751295337,0.5454545454545454,0.6581209988100167,0.5191570881226054,0.48392857142857143,0.5599173553719008,0.4747467757821422,0.4528301886792453,0.549618320610687,0.3850267379679144,0.5351267233179686,0.9502762430939227,0.9828571428571429,0.9197860962566845,0.9916854198999128,0.33112582781456956,0.20242914979757085,0.9090909090909091,0.2517847561981843
RF,0.5589471813432035,0.9499013806706115,0.4612086315113515,0.5685899046164121,0.6578793848988052,0.7039724980901452,0.5694741387700699,"{'n_estimators': [100], 'max_depth': [10]}","['mfcc_1', 'spec_kurtosis']",0.5797872340425532,0.6526946107784432,0.5215311004784688,0.6325250711451615,0.5273542600896861,0.4659270998415214,0.6074380165289256,0.47783806623902875,0.4119601328903654,0.543859649122807,0.3315508021390374,0.5202826183961027,0.9499013806706115,0.9820554649265906,0.9197860962566845,0.9920696472024458,0.3257328990228013,0.1984126984126984,0.9090909090909091,0.22465529086761127
RF,0.5417771933633728,0.7751111111111111,0.48344371392643837,0.5232766136940363,0.6321920625579505,0.5962566844919787,0.5164172392914852,"{'n_estimators': [100], 'max_depth': [10]}",['wav_detail_lvl3_std'],0.48484848484848486,0.38636363636363635,0.6507177033492823,0.3807706257113479,0.4,0.32555123216601817,0.518595041322314,0.3134456118396384,0.5126135216952573,0.5906976744186047,0.45276292335115864,0.5255228193238628,0.7751111111111111,0.926673751328374,0.666157372039725,0.929451210736832,0.5363128491620112,0.3870967741935484,0.8727272727272727,0.4328959288457452
RF,0.5272942599557393,0.9130610594419734,0.4308525600841807,0.5144404952512037,0.635197217643038,0.6680672268907563,0.5451114211268387,"{'n_estimators': [100], 'max_depth': [10]}",['wav_detail_lvl4_std'],0.36231884057971014,0.2915451895043732,0.4784688995215311,0.3506734025687202,0.4903100775193798,0.46167883211678834,0.5227272727272727,0.4539280226145955,0.46601941747572817,0.5901639344262295,0.3850267379679144,0.5326604397349981,0.9130610594419734,0.9699312714776632,0.8624904507257448,0.9798947408801237,0.40476190476190477,0.25888324873096447,0.9272727272727272,0.4084004998357558
RF,0.45938426599681603,0.8634772462077013,0.3583610209440947,0.4615688718709235,0.5867032310967014,0.6027501909854851,0.47829390427592616,"{'n_estimators': [100], 'max_depth': [10]}",['mfcc_1'],0.5615550755939525,0.5118110236220472,0.6220095693779905,0.5692019299548161,0.20888355342136855,0.2492836676217765,0.1797520661157025,0.25275151756563874,0.42689434364994666,0.5319148936170213,0.35650623885918004,0.487423941463184,0.8634772462077013,0.8795562599049128,0.8479755538579068,0.9401057909908614,0.2361111111111111,0.13527851458885942,0.9272727272727272,0.14198634140513033
RF,0.4439097343022908,0.8434782608695652,0.3440176026604722,0.44429444933722506,0.5690214232713529,0.5828877005347594,0.4478167056714472,"{'n_estimators': [100], 'max_depth': [10]}",['mfcc_var'],0.5462555066079295,0.5061224489795918,0.5933014354066986,0.5241282784061231,0.1689106487148103,0.2072072072072072,0.14256198347107438,0.23608681820250993,0.4376899696048632,0.5070422535211268,0.3850267379679144,0.45833211592755774,0.8434782608695652,0.8738738738738738,0.8151260504201681,0.9251619250166306,0.22321428571428573,0.1272264631043257,0.9090909090909091,0.09537439080441455
RF,0.4145093744196454,0.8984343637093537,0.29352812709721826,0.41678934044206867,0.5197738634383723,0.593964858670741,0.43002462749794546,"{'n_estimators': [100], 'max_depth': [10]}","['spec_skew', 'NDSI', 'spec_kurtosis']",0.24812030075187969,0.2043343653250774,0.3157894736842105,0.19815801645460318,0.44844844844844844,0.4349514563106796,0.4628099173553719,0.4570623105671603,0.24321133412042503,0.36013986013986016,0.1836007130124777,0.3658911374494049,0.8984343637093537,0.9467005076142132,0.8548510313216195,0.969209701479639,0.23433242506811988,0.13782051282051283,0.7818181818181819,0.15980197153891995
RF,0.4062015831076451,0.8934624697336562,0.2843863614511424,0.41388030703203543,0.5136000672561326,0.5836516424751719,0.41524027898419413,"{'n_estimators': [100], 'max_depth': [10]}","['spec_skew', 'NDSI']",0.23429541595925296,0.18157894736842106,0.33014354066985646,0.1658366429679347,0.43568464730290457,0.4375,0.43388429752066116,0.4315652314402951,0.2388419782870929,0.3694029850746269,0.17647058823529413,0.36113920613049466,0.8934624697336562,0.9469632164242943,0.8456837280366692,0.9662172357324805,0.22872340425531915,0.13395638629283488,0.7818181818181819,0.15144307864976578
RF,0.40451819266329914,0.8937373737373737,0.2822133973947804,0.4059845057254375,0.508345231089391,0.580977845683728,0.4106200605700609,"{'n_estimators': [100], 'max_depth': [10]}","['NDSI', 'spec_kurtosis']",0.24866785079928952,0.1977401129943503,0.3349282296650718,0.179177907005489,0.40836653386454186,0.3942307692307692,0.42355371900826444,0.4352056775744638,0.232502965599051,0.3475177304964539,0.1746880570409982,0.342699854078203,0.8937373737373737,0.9485420240137221,0.8449197860962567,0.9672918712145316,0.23931623931623933,0.14189189189189189,0.7636363636363637,0.12872499297761694
RF,0.3378820561959778,0.8701249526694433,0.20482133207761138,0.3644007319720633,0.437564621324824,0.5439266615737204,0.3916932638123806,"{'n_estimators': [100], 'max_depth': [10]}","['spec_skew', 'spec_kurtosis']",0.2443280977312391,0.19230769230769232,0.3349282296650718,0.1736310977554409,0.3130434782608696,0.3925233644859813,0.2603305785123967,0.3838319409833052,0.12411847672778561,0.2972972972972973,0.0784313725490196,0.3441436970908554,0.8701249526694433,0.8626126126126126,0.8777692895339955,0.9498840442595748,0.1377952755905512,0.0772626931567329,0.6363636363636364,0.10697553897272694
RF,0.315837250310227,0.8320067029744449,0.18679488714417253,0.34928216606338236,0.44396033837632487,0.4885408708938121,0.37703752806037577,"{'n_estimators': [100], 'max_depth': [10]}",['NDSI'],0.15181518151815182,0.11586901763224182,0.22009569377990432,0.11743326812718954,0.30364372469635625,0.2976190476190476,0.30991735537190085,0.3280441424814749,0.1235632183908046,0.31851851851851853,0.0766488413547237,0.34682945952776156,0.8320067029744449,0.9211502782931354,0.758594346829641,0.9408487838236717,0.16815742397137745,0.09325396825396826,0.8545454545454545,0.15203198634178122
RF,0.3157969736602143,0.8694992412746586,0.17737140675660323,0.3603418993309341,0.4463817297253829,0.525974025974026,0.3820794329015821,"{'n_estimators': [100], 'max_depth': [10]}",['spec_skew'],0.21052631578947367,0.15789473684210525,0.3157894736842105,0.15654291491137406,0.2561863173216885,0.43349753694581283,0.18181818181818182,0.3560202342187716,0.09635036496350365,0.2661290322580645,0.058823529411764705,0.34533562499159914,0.8694992412746586,0.8636021100226073,0.8754774637127578,0.9158506801666872,0.1464226289517471,0.08058608058608059,0.8,0.13664771021947852
RF,0.31059891330423106,0.8696646341463414,0.17083248309370347,0.33462969273807686,0.4184076623254782,0.5233002291825821,0.36725399515317936,"{'n_estimators': [100], 'max_depth': [10]}",['spec_kurtosis'],0.2,0.16720257234726688,0.24880382775119617,0.15654541606799297,0.29329962073324906,0.3778501628664495,0.2396694214876033,0.34654759130667145,0.06764705882352941,0.19327731092436976,0.040998217468805706,0.3231630741014375,0.8696646341463414,0.867680608365019,0.8716577540106952,0.9264050706735496,0.12238325281803543,0.06713780918727916,0.6909090909090909,0.08360882361624503
